0      0      20
0      1      18.3409
0      2      20.5135
0      3      19.568
0      4      18.5533
0      5      19.7157
0      6      23.2786
0      7      13.8841
0      8      14.9664
0      9      16.0593
0      10      9.81219
0      11      15.1025
0      12      13.663
0      13      10.0275
0      14      12.0801
0      15      22.2112
0      16      15.6888
0      17      10.7794
0      18      18.9938
0      19      19.1099
0      20      17.4009
0      21      20.4149
0      22      17.2245
0      23      13.7497
0      24      21.4094
0      25      19.7278
0      26      11.6395
0      27      22.9645
0      28      22.421
0      29      12.091
0      30      16.74
0      31      12.7262
0      32      20
0      33      21.5095
0      34      17.0456
0      35      11.2547
0      36      28.4762
0      37      21.9057
0      38      11.1416
0      39      12.4606
0      40      13.2304
0      41      14.2763
0      42      23.0428
0      43      17.4502
0      44      19.02
0      45      18.0505
0      46      19.6917
0      47      24.5444
0      48      17.9671
0      49      23.4288
0      50      26.7432
0      51      18.5194
0      52      17.1053
0      53      21.3428
0      54      19.4297
0      55      18.0492
0      56      20
0      57      17.5447
0      58      18.2787
0      59      22.9568
0      60      21.4955
0      61      20.0765
0      62      15.7801
0      63      17.8718
0      64      20
0      65      29.2779
0      66      19.3737
0      67      22.8391
0      68      20
0      69      21.3245
0      70      18.9261
0      71      10.0859
1      0      17.5347
1      1      20.7804
1      2      21.8929
1      3      23.5872
1      4      18.6322
1      5      18.1057
1      6      12.7036
1      7      11.9408
1      8      12.8572
1      9      18.303
1      10      20
1      11      15.6968
1      12      10.5969
1      13      22.084
1      14      12.6925
1      15      18.6483
1      16      20.5878
1      17      11.5107
1      18      16.9226
1      19      17.8805
1      20      19.8543
1      21      21.5556
1      22      17.7381
1      23      13.9638
1      24      18.9838
1      25      16.4091
1      26      11.3005
1      27      25.8511
1      28      16.3694
1      29      12.6026
1      30      16.6955
1      31      12.4248
1      32      20.8972
1      33      24.7365
1      34      21.143
1      35      10.6974
1      36      29.344
1      37      20
1      38      9.11576
1      39      10.4598
1      40      10.3248
1      41      16.5246
1      42      27.3178
1      43      17.4056
1      44      16.9525
1      45      19.8818
1      46      21.4166
1      47      23.2956
1      48      19.5674
1      49      20.6278
1      50      26.8304
1      51      18.2206
1      52      20
1      53      21.942
1      54      21.0595
1      55      19.242
1      56      18.1158
1      57      28.6353
1      58      17.4788
1      59      23.7987
1      60      19.9357
1      61      19.7971
1      62      18.25
1      63      18.4997
1      64      27.2283
1      65      24.3063
1      66      20
1      67      20.3018
1      68      29.6382
1      69      27.3077
1      70      20
1      71      21.49
2      0      17.0223
2      1      18.7442
2      2      19.107
2      3      19.7504
2      4      17.0321
2      5      19.2239
2      6      18.3146
2      7      25.6308
2      8      35.1064
2      9      19.0496
2      10      16.7395
2      11      18.7275
2      12      11.6221
2      13      23.7948
2      14      20
2      15      17.9417
2      16      16.5308
2      17      24.2207
2      18      16.4827
2      19      18.2078
2      20      22.2486
2      21      18.1229
2      22      18.0728
2      23      11.215
2      24      19.7788
2      25      17.3014
2      26      12.0243
2      27      9.80659
2      28      21.265
2      29      12.1036
2      30      20.4806
2      31      10.7287
2      32      19.0765
2      33      19.4041
2      34      17.8321
2      35      10.5665
2      36      17.2483
2      37      17.3092
2      38      8.97677
2      39      20
2      40      10.0117
2      41      12.0052
2      42      11.7871
2      43      16.0019
2      44      20
2      45      23.9944
2      46      21.1401
2      47      20.8285
2      48      17.1946
2      49      18.7586
2      50      23.0597
2      51      18.4817
2      52      17.7928
2      53      17.8756
2      54      17.1465
2      55      16.5094
2      56      17.911
2      57      18.8823
2      58      17.1944
2      59      19.5641
2      60      20.2676
2      61      19.3686
2      62      18.3666
2      63      19.4353
2      64      19.9244
2      65      26.4148
2      66      21.1085
2      67      19.486
2      68      20
2      69      20
2      70      20
2      71      20
3      0      20
3      1      20
3      2      20
3      3      20
3      4      20
3      5      20
3      6      20
3      7      20
3      8      20
3      9      20
3      10      20
3      11      20
3      12      20
3      13      20
3      14      20
3      15      20
3      16      20
3      17      20
3      18      20
3      19      20
3      20      20
3      21      20
3      22      20
3      23      20
3      24      20
3      25      20
3      26      20
3      27      20
3      28      20
3      29      20
3      30      20
3      31      20
3      32      20
3      33      20
3      34      20
3      35      20
3      36      20
3      37      20
3      38      20
3      39      20
3      40      20
3      41      20
3      42      20
3      43      20
3      44      20
3      45      20
3      46      20
3      47      20
3      48      20
3      49      20
3      50      20
3      51      20
3      52      20
3      53      20
3      54      20
3      55      20
3      56      20
3      57      20
3      58      20
3      59      20
3      60      20
3      61      20
3      62      20
3      63      20
3      64      20
3      65      20
3      66      20
3      67      20
3      68      20
3      69      20
3      70      20
3      71      20
4      0      18.0367
4      1      19.8229
4      2      20.1347
4      3      17.9546
4      4      19.2189
4      5      20.0506
4      6      20
4      7      10.4121
4      8      15.5313
4      9      17.4703
4      10      20
4      11      16.8537
4      12      15.0121
4      13      14.6932
4      14      13.6043
4      15      23.579
4      16      20.8258
4      17      10.5202
4      18      17.0447
4      19      15.7731
4      20      17.2109
4      21      26.537
4      22      15.7196
4      23      20
4      24      24.2364
4      25      16.7006
4      26      12.7175
4      27      23.2596
4      28      26.3649
4      29      9.31689
4      30      18.8604
4      31      7.85216
4      32      10.4775
4      33      23.5733
4      34      20.0154
4      35      9.39421
4      36      29.4738
4      37      20
4      38      10.245
4      39      14.7315
4      40      15.049
4      41      16.5732
4      42      21.5949
4      43      18.7688
4      44      19.383
4      45      22.2107
4      46      23.3308
4      47      22.398
4      48      15.9929
4      49      17.801
4      50      26.3623
4      51      20
4      52      20
4      53      22.6578
4      54      18.2937
4      55      18.6788
4      56      20
4      57      22.0457
4      58      18.5614
4      59      26.3749
4      60      20.6474
4      61      17.5598
4      62      21.098
4      63      18.5303
4      64      21.5024
4      65      28.0443
4      66      22.0663
4      67      21.7575
4      68      21.6459
4      69      20.975
4      70      17.3617
4      71      19.7193
5      0      19.1094
5      1      16.6055
5      2      16.5205
5      3      21.6056
5      4      18.3473
5      5      20.2042
5      6      19.5481
5      7      9.993
5      8      10.9991
5      9      16.4296
5      10      17.0995
5      11      17.1046
5      12      11.9656
5      13      19.7145
5      14      10.3758
5      15      20.0245
5      16      17.3222
5      17      10.0332
5      18      15.8602
5      19      19.1095
5      20      20.001
5      21      22.1928
5      22      18.8795
5      23      20
5      24      22.925
5      25      15.8636
5      26      10.3834
5      27      16.8307
5      28      15.385
5      29      8.59636
5      30      17.4546
5      31      11.6648
5      32      19.4495
5      33      21.5792
5      34      15.9105
5      35      9.5092
5      36      21.6446
5      37      20.8464
5      38      8.99454
5      39      12.6157
5      40      11.1046
5      41      12.1453
5      42      9.85164
5      43      18.2561
5      44      17.0093
5      45      23.4802
5      46      20.7136
5      47      19.5852
5      48      16.9906
5      49      18.4532
5      50      17.1313
5      51      17.2502
5      52      19.7246
5      53      19.1114
5      54      16.9224
5      55      16.7388
5      56      18.7857
5      57      21.8488
5      58      19.2919
5      59      24.1604
5      60      17.6694
5      61      18.5358
5      62      18.1449
5      63      18.4045
5      64      21.5219
5      65      19.706
5      66      21.5282
5      67      23.3384
5      68      24.2681
5      69      18.8862
5      70      18.2357
5      71      20.9723
6      0      20.3835
6      1      18.0367
6      2      19.4777
6      3      16.8897
6      4      17.6204
6      5      17.6803
6      6      19.2084
6      7      12.5315
6      8      14.8969
6      9      17.2364
6      10      16.6597
6      11      18.4542
6      12      12.8474
6      13      25.1722
6      14      15.6306
6      15      18.0958
6      16      20
6      17      12.4176
6      18      15.743
6      19      17.1351
6      20      21.4752
6      21      22.2878
6      22      9.0342
6      23      17.3226
6      24      20.9339
6      25      20
6      26      10.8827
6      27      17.0744
6      28      19.7628
6      29      9.81656
6      30      28.695
6      31      8.63299
6      32      19.3166
6      33      22.7664
6      34      20
6      35      9.97693
6      36      27.6948
6      37      26.8558
6      38      9.97658
6      39      11.7891
6      40      13.6891
6      41      17.9721
6      42      28.8211
6      43      18.6197
6      44      17.5519
6      45      23.0457
6      46      17.4671
6      47      20.105
6      48      20
6      49      23.4383
6      50      25.6132
6      51      20.2777
6      52      20.1318
6      53      19.2346
6      54      22.0481
6      55      19.1235
6      56      17.559
6      57      20.3748
6      58      17.4932
6      59      21.7074
6      60      18.7212
6      61      20.3933
6      62      18.4197
6      63      20.9684
6      64      20
6      65      20
6      66      17.7714
6      67      20
6      68      24.8935
6      69      20.1626
6      70      18.401
6      71      17.5878
7      0      18.7551
7      1      17.5606
7      2      15.6307
7      3      19.944
7      4      18.6861
7      5      21.4632
7      6      19.9195
7      7      11.8701
7      8      17.2985
7      9      16.0472
7      10      15.7015
7      11      14.7978
7      12      10.7099
7      13      15.8929
7      14      9.49284
7      15      17.4331
7      16      18.1266
7      17      10.2451
7      18      19.0898
7      19      17.9036
7      20      15.8643
7      21      21.471
7      22      17.9389
7      23      17.6577
7      24      22.055
7      25      18.2884
7      26      11.6
7      27      24.2929
7      28      25.9482
7      29      8.70147
7      30      19.7402
7      31      8.39212
7      32      16.4744
7      33      23.9446
7      34      21.168
7      35      11.0958
7      36      27.3843
7      37      19.366
7      38      9.83625
7      39      14.8857
7      40      12.2594
7      41      15.4604
7      42      22.2591
7      43      15.8876
7      44      17.866
7      45      23.7601
7      46      18.0458
7      47      18.1075
7      48      18.4532
7      49      24.5459
7      50      22.927
7      51      18.5226
7      52      16.362
7      53      20.577
7      54      18.4872
7      55      19.0406
7      56      22.6364
7      57      18.2319
7      58      20.12
7      59      17.9132
7      60      16.7277
7      61      18.8806
7      62      17.281
7      63      17.6293
7      64      21.9514
7      65      27.5596
7      66      16.7001
7      67      26.7077
7      68      20.2026
7      69      19.0285
7      70      17.801
7      71      20.8059
8      0      18.6246
8      1      20.0567
8      2      18.5736
8      3      22.1002
8      4      20.3489
8      5      20.5704
8      6      20
8      7      12.0976
8      8      18.7714
8      9      17.5776
8      10      11.3284
8      11      21.2383
8      12      14.8981
8      13      17.674
8      14      14.1975
8      15      20.7133
8      16      20.1636
8      17      14.9682
8      18      17.2643
8      19      17.4845
8      20      15.5018
8      21      18.2082
8      22      20.5204
8      23      20
8      24      24.0198
8      25      17.5977
8      26      12.3706
8      27      19.4314
8      28      24.3197
8      29      9.06886
8      30      17.0783
8      31      14.535
8      32      20.0071
8      33      24.984
8      34      18.5832
8      35      14.897
8      36      20.022
8      37      20
8      38      8.94507
8      39      9.95055
8      40      10.1557
8      41      10.6679
8      42      19.9341
8      43      17.5569
8      44      17.0275
8      45      18.5682
8      46      7.01162
8      47      17.8079
8      48      18.3956
8      49      17.9244
8      50      18.1276
8      51      18.9371
8      52      18.5049
8      53      17.5643
8      54      19.3537
8      55      20.7986
8      56      19.8398
8      57      19.9779
8      58      17.8228
8      59      21.1592
8      60      20.7075
8      61      19.2712
8      62      19.1914
8      63      20
8      64      19.5573
8      65      23.5692
8      66      18.7801
8      67      18.8596
8      68      19.6277
8      69      19.0714
8      70      18.5096
8      71      19.1776
9      0      20
9      1      20
9      2      20
9      3      20
9      4      20
9      5      20
9      6      20
9      7      20
9      8      20
9      9      20
9      10      20
9      11      20
9      12      20
9      13      20
9      14      20
9      15      20
9      16      20
9      17      20
9      18      20
9      19      20
9      20      20
9      21      20
9      22      20
9      23      20
9      24      20
9      25      20
9      26      20
9      27      20
9      28      20
9      29      20
9      30      20
9      31      20
9      32      20
9      33      20
9      34      20
9      35      20
9      36      20
9      37      20
9      38      20
9      39      20
9      40      20
9      41      20
9      42      20
9      43      20
9      44      20
9      45      20
9      46      20
9      47      20
9      48      20
9      49      20
9      50      20
9      51      20
9      52      20
9      53      20
9      54      20
9      55      20
9      56      20
9      57      20
9      58      20
9      59      20
9      60      20
9      61      20
9      62      20
9      63      20
9      64      20
9      65      20
9      66      20
9      67      20
9      68      20
9      69      20
9      70      20
9      71      20
10      0      21.563
10      1      21.3438
10      2      20.9588
10      3      27.9769
10      4      19.8391
10      5      11.1352
10      6      20
10      7      10.9023
10      8      14.6917
10      9      18.0548
10      10      20
10      11      21.9053
10      12      12.9681
10      13      16.2744
10      14      18.3619
10      15      23.1442
10      16      19.0933
10      17      10.6787
10      18      17.4349
10      19      20.7128
10      20      10.1291
10      21      23.8988
10      22      20.9541
10      23      13.0445
10      24      17.9427
10      25      19.7256
10      26      11.9765
10      27      26.7331
10      28      19.8464
10      29      8.6379
10      30      20.6649
10      31      12.512
10      32      19.4508
10      33      25.5039
10      34      18.5468
10      35      20
10      36      29.5754
10      37      20
10      38      8.67301
10      39      9.75894
10      40      15.7901
10      41      15.6023
10      42      22.2176
10      43      18.8263
10      44      17.8106
10      45      17.8862
10      46      10.2649
10      47      18.1247
10      48      20.5403
10      49      19.4904
10      50      19.8681
10      51      17.4218
10      52      19.023
10      53      20.0197
10      54      19.3462
10      55      18.3237
10      56      19.24
10      57      19.2113
10      58      18.7624
10      59      19.2129
10      60      19.7056
10      61      19.5166
10      62      19.4279
10      63      20
10      64      19.0715
10      65      23.9406
10      66      18.434
10      67      25.4558
10      68      19.405
10      69      19.1878
10      70      19.4736
10      71      18.4805
11      0      18.9324
11      1      17.9538
11      2      17.8617
11      3      21.3731
11      4      18.2528
11      5      19.5745
11      6      19.8222
11      7      11.1412
11      8      18.847
11      9      20.9527
11      10      16.4609
11      11      19.8888
11      12      11.9676
11      13      19.6583
11      14      10.6283
11      15      18.5026
11      16      21.1908
11      17      11.2702
11      18      19.1553
11      19      22.0539
11      20      19.9626
11      21      20.4843
11      22      18.8637
11      23      12.4547
11      24      22.5875
11      25      18.0704
11      26      14.3986
11      27      21.0867
11      28      23.6508
11      29      9.34441
11      30      20.4039
11      31      8.56134
11      32      18.6737
11      33      24.0866
11      34      19.8159
11      35      11.1937
11      36      24.6289
11      37      19.7323
11      38      11.1118
11      39      12.7773
11      40      17.4129
11      41      18.0483
11      42      27.4306
11      43      19.0353
11      44      17.8944
11      45      18.9778
11      46      17.0549
11      47      18.3482
11      48      22.9915
11      49      27.8109
11      50      23.9399
11      51      21.5182
11      52      21.5658
11      53      20.4252
11      54      23.0895
11      55      20.0048
11      56      18.3567
11      57      18.6922
11      58      22.4802
11      59      25.7338
11      60      19.4568
11      61      18.3198
11      62      21.545
11      63      17.8157
11      64      21.7877
11      65      24.2775
11      66      21.5569
11      67      22.0066
11      68      23.0907
11      69      23.5504
11      70      19.9404
11      71      20.6648
12      0      18.2697
12      1      17.1538
12      2      19.8551
12      3      18.1985
12      4      18.9526
12      5      20.6962
12      6      19.9091
12      7      14.4648
12      8      20
12      9      18.1377
12      10      16.4827
12      11      19.8457
12      12      13.5559
12      13      19.1935
12      14      20
12      15      21.0763
12      16      17.9674
12      17      11.3795
12      18      18.0717
12      19      17.5969
12      20      22.9749
12      21      21.3007
12      22      20
12      23      11.8943
12      24      21.8715
12      25      18.5257
12      26      10.9491
12      27      21.1066
12      28      18.5687
12      29      10.8855
12      30      17.4431
12      31      9.52982
12      32      26.6234
12      33      20.3743
12      34      18.7685
12      35      9.84913
12      36      23.2369
12      37      18.9197
12      38      8.26178
12      39      18.3246
12      40      10.3826
12      41      9.74019
12      42      9.91542
12      43      19.6373
12      44      18.0945
12      45      18.9369
12      46      13.4464
12      47      19.8894
12      48      19.5793
12      49      20.6861
12      50      20
12      51      20.7291
12      52      19.68
12      53      17.9037
12      54      19.0864
12      55      17.6688
12      56      18.1989
12      57      18.7136
12      58      18.3862
12      59      20.7546
12      60      18.5143
12      61      20
12      62      17.657
12      63      17.9479
12      64      19.2237
12      65      21.2907
12      66      20.4116
12      67      19.7681
12      68      19.7443
12      69      20
12      70      19.9177
12      71      19.7832
13      0      20.5408
13      1      19.343
13      2      19.0778
13      3      17.4668
13      4      19.8517
13      5      19.1209
13      6      21.2876
13      7      14.5463
13      8      13.2809
13      9      19.6257
13      10      15.5992
13      11      20.6042
13      12      16.3478
13      13      22.8209
13      14      10.9875
13      15      22.713
13      16      18.5902
13      17      12.0189
13      18      18.4752
13      19      18.3587
13      20      19.6575
13      21      19.261
13      22      18.571
13      23      14.968
13      24      16.7869
13      25      21.4654
13      26      11.4669
13      27      26.151
13      28      21.8227
13      29      10.038
13      30      17.7226
13      31      15.758
13      32      19.1237
13      33      20.0226
13      34      21.3767
13      35      10.3696
13      36      29.9881
13      37      20.6401
13      38      8.59705
13      39      15.506
13      40      15.4284
13      41      12.5468
13      42      26.1819
13      43      20.3799
13      44      17.6165
13      45      21.2371
13      46      16.6854
13      47      18.8654
13      48      19.8267
13      49      29.0756
13      50      26.3038
13      51      19.5659
13      52      18.8176
13      53      25.9143
13      54      23.3657
13      55      21.0722
13      56      20
13      57      21.9449
13      58      19.4974
13      59      20.4629
13      60      18.9373
13      61      20.3542
13      62      18.8036
13      63      20.2024
13      64      22.1501
13      65      15.1785
13      66      19.2721
13      67      25.7644
13      68      20.8734
13      69      27.0222
13      70      18.8353
13      71      19.4753
14      0      20
14      1      20
14      2      20
14      3      20
14      4      20
14      5      20
14      6      20
14      7      20
14      8      20
14      9      20
14      10      20
14      11      20
14      12      20
14      13      20
14      14      20
14      15      20
14      16      20
14      17      20
14      18      20
14      19      20
14      20      20
14      21      20
14      22      20
14      23      20
14      24      20
14      25      20
14      26      20
14      27      20
14      28      20
14      29      20
14      30      20
14      31      20
14      32      20
14      33      20
14      34      20
14      35      20
14      36      29.9627
14      37      26.0134
14      38      12.9723
14      39      14.4162
14      40      11.0435
14      41      15.3698
14      42      28.5376
14      43      26.8127
14      44      18.4642
14      45      23.6974
14      46      17.359
14      47      33.0464
14      48      29.3516
14      49      20
14      50      27.2635
14      51      26.4434
14      52      28.0992
14      53      25.1108
14      54      25.4856
14      55      31.3067
14      56      25.0814
14      57      33.4392
14      58      29.8456
14      59      25.4675
14      60      22.3724
14      61      28.9851
14      62      33.2759
14      63      26.4954
14      64      25.8668
14      65      30.95
14      66      28.0828
14      67      31.8203
14      68      32.0059
14      69      30.4703
14      70      24.6866
14      71      30.7724
15      0      19.2045
15      1      17.2376
15      2      17.968
15      3      20.4217
15      4      18.1334
15      5      20
15      6      19.9281
15      7      7.82335
15      8      10.4613
15      9      17.6079
15      10      16.6997
15      11      17.0111
15      12      13.5941
15      13      24.1062
15      14      13.5222
15      15      19.9539
15      16      20.7501
15      17      18.5068
15      18      19.4385
15      19      17.1325
15      20      18.0045
15      21      21.6549
15      22      9.84679
15      23      19.1971
15      24      22.8047
15      25      18.805
15      26      12.4918
15      27      20
15      28      17.1393
15      29      8.32966
15      30      19.5475
15      31      8.67893
15      32      19.285
15      33      22.4555
15      34      17.9545
15      35      9.68176
15      36      24.3463
15      37      19.8621
15      38      7.81714
15      39      16.1769
15      40      12.0742
15      41      12.6014
15      42      27.1253
15      43      18.4936
15      44      7.47934
15      45      21.409
15      46      18.615
15      47      20.7467
15      48      18.9833
15      49      18.6758
15      50      21.8331
15      51      18.7744
15      52      18.8879
15      53      21.6862
15      54      19.5155
15      55      19.4978
15      56      18.712
15      57      19.1945
15      58      22.1315
15      59      18.4695
15      60      18.2023
15      61      20.122
15      62      17.9324
15      63      17.7708
15      64      20
15      65      23.9472
15      66      21.2819
15      67      25.5347
15      68      20
15      69      20
15      70      20
15      71      20
16      0      20.212
16      1      20.2832
16      2      19.3107
16      3      20.634
16      4      21.7884
16      5      20.4067
16      6      20.3789
16      7      14.5854
16      8      17.293
16      9      19.017
16      10      15.6765
16      11      17.5939
16      12      13.8251
16      13      22.6894
16      14      14.4516
16      15      18.9309
16      16      19.7285
16      17      20
16      18      18.4104
16      19      17.4747
16      20      20.2364
16      21      19.8335
16      22      17.9541
16      23      20
16      24      21.5704
16      25      19.3328
16      26      13.0582
16      27      22.4877
16      28      20.2471
16      29      10.4419
16      30      18.65
16      31      9.1489
16      32      18.5062
16      33      20.7313
16      34      19.4293
16      35      11.8221
16      36      28.6356
16      37      23.9358
16      38      9.6325
16      39      13.2822
16      40      17.0088
16      41      15.9084
16      42      28.3573
16      43      20.9252
16      44      17.8395
16      45      18.1654
16      46      20
16      47      22.1164
16      48      20
16      49      21.4141
16      50      21.105
16      51      18.0826
16      52      17.8475
16      53      20.5367
16      54      19.5371
16      55      18.0857
16      56      20
16      57      19.864
16      58      19.0329
16      59      20
16      60      18.0914
16      61      19.7289
16      62      18.0601
16      63      21.6539
16      64      22.7712
16      65      27.5333
16      66      21.2952
16      67      25.1014
16      68      25.8108
16      69      21.5614
16      70      20
16      71      19.8783
17      0      17.0273
17      1      18.4457
17      2      19.7173
17      3      18.0792
17      4      18.9958
17      5      20
17      6      22.7069
17      7      10.7825
17      8      14.3535
17      9      14.8357
17      10      12.9555
17      11      23.4368
17      12      12.9403
17      13      26.0862
17      14      8.37757
17      15      20.2707
17      16      16.6232
17      17      10.4353
17      18      16.3291
17      19      13.9591
17      20      11.1819
17      21      18.8106
17      22      33.9699
17      23      11.7643
17      24      21.0217
17      25      18.9155
17      26      12.7806
17      27      26.1413
17      28      19.9847
17      29      8.72985
17      30      16.6097
17      31      11.5556
17      32      20.4417
17      33      18.7116
17      34      19.7617
17      35      9.18749
17      36      21.7838
17      37      18.7581
17      38      8.85871
17      39      9.64116
17      40      13.9202
17      41      10.0787
17      42      24.4701
17      43      21.8134
17      44      17.3645
17      45      20
17      46      14.9888
17      47      20
17      48      21.8166
17      49      20
17      50      20
17      51      16.9454
17      52      18.5261
17      53      20
17      54      21.8941
17      55      18.7501
17      56      16.2259
17      57      23.0589
17      58      17.2211
17      59      24.0197
17      60      16.8901
17      61      20.3984
17      62      18.5488
17      63      19.4452
17      64      20.1673
17      65      25.849
17      66      18.8013
17      67      26.9081
17      68      22.6206
17      69      22.4863
17      70      18.7829
17      71      18.6359
