0      0      105.827      4.9133
0      1      116.728      3.13965
0      2      104.167      2.54963
0      3      108.174      2.86616
0      4      122.974      4.50274
0      5      122.832      4.74785
0      6      126.141      4.21242
0      7      114.04      4.28568
0      8      152.441      4.16738
0      9      111.88      2.78411
0      10      109.493      4.54008
0      11      123.189      5.04367
0      12      149.571      4.37522
0      13      113.08      3.20027
0      14      137.572      3.48932
0      15      127.807      4.74825
0      16      150.304      3.17352
0      17      148.929      4.04782
0      18      123.057      2.68861
0      19      137.985      3.75838
0      20      127.003      2.75403
0      21      146.709      7.41368
0      22      112.311      2.80827
0      23      144.898      4.09577
0      24      130.168      2.89967
0      25      119.749      3.44759
0      26      119.052      2.68547
0      27      110.356      3.0061
0      28      112.417      2.2597
0      29      135.567      2.31839
0      30      106.75      2.90515
0      31      109.247      3.21322
0      32      110.513      1.31267
0      33      102.463      2.4631
0      34      95.9539      3.22266
0      35      122.123      3.80253
0      36      127.117      3.37514
0      37      110.56      4.00095
0      38      115.732      2.52995
0      39      102.213      3.05968
0      40      128.04      3.51134
0      41      113.569      2.46017
0      42      120.067      5.55335
0      43      119.656      2.26527
0      44      127.598      3.70401
0      45      121.572      5.73012
0      46      104.745      3.36547
0      47      107.218      3.68256
0      48      99.1928      4.09528
0      49      123.84      2.62294
0      50      114.983      4.73396
0      51      113.285      4.25932
0      52      137.798      2.4581
0      53      112.973      2.33532
0      54      108.947      2.45188
0      55      124.654      4.79083
0      56      127.633      2.51405
0      57      95.4458      4.06603
0      58      103.257      2.79247
0      59      111.621      2.36198
0      60      118.738      2.35266
0      61      121.063      3.26969
0      62      118.713      2.38499
0      63      108.446      3.09787
0      64      111.794      2.73289
0      65      111.558      2.56115
0      66      125.83      2.57556
0      67      107.966      3.5574
0      68      97.4811      3.90979
0      69      118.488      2.51522
0      70      98.7585      3.57918
0      71      113.151      3.10126
1      0      83.7926      2.46257
1      1      89.6469      4.48234
1      2      87.8969      3.55688
1      3      86.1028      3.18701
1      4      88.4225      5.23888
1      5      101.527      4.80135
1      6      106.798      5.71216
1      7      90.2091      3.57351
1      8      102.966      9.57997
1      9      85.1226      2.62863
1      10      96.2488      3.15947
1      11      91.649      3.06237
1      12      80.2891      4.83086
1      13      81.3067      2.63585
1      14      62.6336      3.0815
1      15      97.0669      3.68721
1      16      71.4429      2.75064
1      17      76.7027      2.59723
1      18      71.5162      2.45615
1      19      97.0542      5.07466
1      20      101.759      3.86706
1      21      90.2358      4.41341
1      22      85.5583      2.91584
1      23      108.596      7.61702
1      24      92.3798      2.13421
1      25      84.7395      3.69991
1      26      85.2201      3.04739
1      27      99.7537      3.78837
1      28      82.0283      2.43048
1      29      96.82      3.06279
1      30      85.6648      3.63681
1      31      79.2528      3.36532
1      32      95.838      3.28619
1      33      83.4711      4.50132
1      34      91.9313      3.85185
1      35      83.7033      2.66448
1      36      89.7658      2.61439
1      37      89.9813      4.24568
1      38      84.9845      2.79473
1      39      85.7673      3.35409
1      40      66.716      3.01798
1      41      95.1299      4.29223
1      42      88.709      3.56142
1      43      84.5937      5.36358
1      44      97.4706      6.65413
1      45      85.2866      5.83025
1      46      97.733      8.46772
1      47      82.833      3.44986
1      48      79.489      4.40686
1      49      92.4812      2.82507
1      50      82.8491      6.66233
1      51      81.3631      2.49975
1      52      78.6539      4.39174
1      53      89.524      3.11198
1      54      80.7262      3.98652
1      55      67.6131      7.67457
1      56      91.9949      4.79758
1      57      90.1887      6.03757
1      58      80.3763      3.94352
1      59      82.9187      4.041
1      60      80.2487      2.79284
1      61      86.114      3.84671
1      62      91.2473      4.63596
1      63      91.6487      4.78707
1      64      84.8544      2.41649
1      65      82.569      2.69231
1      66      89.2913      3.4791
1      67      85.7927      4.03682
1      68      88.3693      4.71775
1      69      90.6316      3.29543
1      70      86.8544      4.98612
1      71      87.7326      3.33494
2      0      69.6161      2.13274
2      1      76.5488      4.21577
2      2      88.2909      6.84992
2      3      56.5118      3.40442
2      4      85.0794      5.20341
2      5      83.3785      4.15964
2      6      89.2293      6.71533
2      7      68.184      3.63297
2      8      92.6891      7.78861
2      9      59.6786      2.49985
2      10      59.9816      2.97906
2      11      71.9814      5.44035
2      12      99.9375      8.70116
2      13      62.9642      2.61607
2      14      93.32      6.21898
2      15      75.6753      3.276
2      16      76.8199      3.05628
2      17      79.8648      2.81843
2      18      87.1236      2.74411
2      19      93.6888      4.83155
2      20      87.6509      3.87971
2      21      94.1473      4.95037
2      22      58.4764      3.80363
2      23      98.6932      3.00964
2      24      80.8301      2.57724
2      25      58.5835      3.91326
2      26      63.9309      3.67364
2      27      65.6825      3.58178
2      28      64.8826      3.55381
2      29      74.6665      2.88521
2      30      63.0748      3.39577
2      31      52.612      3.92167
2      32      63.9325      3.03926
2      33      57.1679      4.61078
2      34      58.1652      4.06138
2      35      69.0241      3.02747
2      36      86.5746      3.27722
2      37      67.4568      2.81852
2      38      70.3314      3.09033
2      39      69.0216      3.43146
2      40      101.206      6.4688
2      41      73.2019      3.83265
2      42      71.3668      3.2469
2      43      77.2586      5.05256
2      44      92.547      3.96156
2      45      92.5935      6.74824
2      46      77.0807      4.37781
2      47      55.7003      3.33468
2      48      75.3733      2.22594
2      49      86.2585      4.25828
2      50      102.055      5.45553
2      51      75.1518      2.05293
2      52      91.5512      4.7863
2      53      74.3446      2.7311
2      54      74.737      2.67027
2      55      97.7908      5.34779
2      56      92.9147      4.2539
2      57      99.3155      9.57769
2      58      67.5777      3.20816
2      59      69.1547      3.20893
2      60      70.1079      3.1273
2      61      69.8681      3.35175
2      62      73.6034      2.53436
2      63      68.1902      3.51768
2      64      68.2262      3.76208
2      65      68.0895      4.22741
2      66      72.8534      3.11373
2      67      71.4421      3.66861
2      68      73.774      3.19241
2      69      80.8322      4.07688
2      70      63.9056      4.1142
2      71      64.0434      4.17123
3      0      82.6914      2.23953
3      1      78.0925      4.27315
3      2      80.861      3.54724
3      3      61.9318      3.48939
3      4      101.192      4.4262
3      5      89.3269      3.4627
3      6      92.6492      4.355
3      7      67.8987      2.97735
3      8      88.88      4.55956
3      9      72.4653      2.93659
3      10      65.8207      3.61142
3      11      73.7546      3.50842
3      12      98.1125      4.78613
3      13      74.6869      2.28673
3      14      88.6638      3.30253
3      15      89.7379      3.28455
3      16      80.6386      3.27707
3      17      95.149      2.95085
3      18      92.1614      2.439
3      19      97.6121      4.72326
3      20      83.1714      3.09005
3      21      98.8858      4.74346
3      22      74.3092      2.47438
3      23      103.653      6.50298
3      24      95.1686      3.85774
3      25      67.7908      3.2553
3      26      81.3419      2.60407
3      27      65.6085      3.31435
3      28      78.8077      2.13486
3      29      74.0786      2.67848
3      30      67.3056      2.77653
3      31      74.1767      3.09418
3      32      70.0275      3.13394
3      33      73.4632      3.89557
3      34      58.8538      2.93526
3      35      94.4184      4.8783
3      36      75.2014      3.40554
3      37      59.5325      3.14247
3      38      58.7412      2.9585
3      39      53.9764      2.71389
3      40      99.5583      4.28639
3      41      57.6265      2.67601
3      42      63.7963      3.16708
3      43      72.4249      3.14757
3      44      94.9457      7.29106
3      45      85.2698      3.17778
3      46      89.7709      4.16035
3      47      63.5556      2.00074
3      48      69.0514      2.75496
3      49      79.9643      2.60447
3      50      99.5077      8.23074
3      51      70.0783      2.93643
3      52      63.3787      3.03108
3      53      75.9066      2.37481
3      54      61.5048      2.89626
3      55      75.8484      8.52036
3      56      79.312      4.04578
3      57      101.439      14.7169
3      58      67.1763      2.49707
3      59      80.031      2.8405
3      60      76.8391      3.99351
3      61      66.2625      3.34229
3      62      67.0945      2.2849
3      63      57.6173      3.56532
3      64      59.7941      2.62507
3      65      55.1277      2.27811
3      66      58.21      3.05889
3      67      57.2666      3.51505
3      68      54.1915      2.9007
3      69      74.7585      3.23169
3      70      55.9083      2.83211
3      71      57.3012      3.10789
4      0      111.459      2.78259
4      1      106.307      3.56991
4      2      114.223      3.30858
4      3      103.934      2.89126
4      4      124.257      3.28868
4      5      117.768      4.15167
4      6      139.362      4.05876
4      7      102.765      3.49364
4      8      135.302      5.70264
4      9      107.824      2.68223
4      10      98.9163      2.5693
4      11      120.727      2.7379
4      12      143.587      4.62807
4      13      118.373      2.44084
4      14      144.414      2.9108
4      15      121.416      2.97773
4      16      139.406      2.75302
4      17      103.556      2.37578
4      18      122.241      2.48466
4      19      142.228      5.23153
4      20      124.596      2.69556
4      21      146.057      4.61455
4      22      102.38      2.42964
4      23      127.845      4.95526
4      24      136.554      3.65871
4      25      106.993      2.57974
4      26      111.988      2.43834
4      27      109.12      3.08564
4      28      108.054      2.16868
4      29      117.522      2.49097
4      30      98.6943      3.06114
4      31      103.188      2.94661
4      32      106.647      2.80728
4      33      107.556      2.55637
4      34      100.149      2.93943
4      35      118.969      2.81891
4      36      111.223      2.27228
4      37      105.003      2.40301
4      38      102.974      2.94277
4      39      102.693      2.93639
4      40      131.228      4.47763
4      41      103.494      3.04966
4      42      101.069      2.52596
4      43      109.989      3.27703
4      44      124.271      5.09767
4      45      113.648      2.56751
4      46      128.338      3.88299
4      47      105.45      2.31108
4      48      105.608      2.10745
4      49      117.467      2.89507
4      50      96.1394      4.07391
4      51      101.084      2.10852
4      52      103.243      2.90842
4      53      111.504      2.28212
4      54      101.944      2.30161
4      55      128.884      7.83846
4      56      116.049      5.03655
4      57      120.275      5.96472
4      58      111.734      2.22119
4      59      110.004      3.87164
4      60      115.856      2.83097
4      61      93.9171      3.89581
4      62      112.539      2.63338
4      63      95.3142      3.06152
4      64      104.755      2.45462
4      65      102.323      2.27226
4      66      103.851      2.48231
4      67      97.3419      2.31502
4      68      99.3739      2.55701
4      69      113.874      3.38543
4      70      98.531      2.77127
4      71      104.333      2.46318
5      0      72.1476      3.23585
5      1      77.738      3.72166
5      2      88.2281      4.59365
5      3      60.918      2.90239
5      4      96.2299      4.32857
5      5      78.6684      4.11151
5      6      94.4375      3.76823
5      7      65.6138      3.45186
5      8      107.755      6.09756
5      9      71.6916      3.27369
5      10      67.3603      2.43769
5      11      89.0244      2.75777
5      12      96.1297      4.61941
5      13      65.27      2.39897
5      14      92.1047      5.28223
5      15      82.4227      4.93067
5      16      91.7381      3.07063
5      17      94.1647      2.28899
5      18      94.5519      3.3933
5      19      91.5942      4.08433
5      20      93.1879      3.54829
5      21      92.7126      3.39775
5      22      60.2393      2.63572
5      23      98.6167      6.29713
5      24      86.0465      3.23678
5      25      62.389      3.40274
5      26      63.1278      3.47123
5      27      60.3516      3.89563
5      28      70.6595      2.95636
5      29      78.6198      2.58475
5      30      61.1825      3.25358
5      31      58.9089      3.17389
5      32      67.8541      2.95498
5      33      70.3298      3.22082
5      34      60.0489      3.49098
5      35      84.8119      2.75748
5      36      77.7584      2.48717
5      37      65.26      2.47812
5      38      65.604      3.23568
5      39      61.9254      2.92093
5      40      76.7849      3.19903
5      41      64.2182      3.15928
5      42      71.7603      4.70163
5      43      78.8428      3.59674
5      44      90.7683      4.5358
5      45      86.5848      3.73387
5      46      94.9277      4.33209
5      47      66.9356      2.02808
5      48      74.7064      2.19158
5      49      91.2991      3.53689
5      50      85.2153      5.0821
5      51      70.4749      1.92273
5      52      82.8512      2.28714
5      53      66.4816      2.69737
5      54      71.3938      2.17492
5      55      100.207      9.22383
5      56      84.5779      2.77055
5      57      96.3604      5.84143
5      58      67.2083      2.50854
5      59      81.3011      4.0935
5      60      81.7469      2.39755
5      61      71.6019      2.01655
5      62      75.8024      3.08757
5      63      64.2822      3.19001
5      64      66.2709      2.93657
5      65      60.5563      2.26876
5      66      77.2485      2.65699
5      67      62.4129      2.90991
5      68      60.9252      2.85216
5      69      72.9256      3.2832
5      70      64.336      3.21225
5      71      65.4297      2.63989
6      0      111.59      2.16443
6      1      118.436      4.41903
6      2      116.676      3.77997
6      3      96.8001      3.72862
6      4      131.987      4.05797
6      5      118.139      3.58827
6      6      117.381      3.3911
6      7      103.876      3.72549
6      8      145.732      5.74855
6      9      103.266      2.93944
6      10      112.268      2.27103
6      11      118.167      2.86138
6      12      130.795      3.80975
6      13      104.877      2.43891
6      14      131.414      3.15645
6      15      121.605      2.67347
6      16      139.241      2.86283
6      17      121.719      4.84306
6      18      131.447      4.18683
6      19      149.306      5.24499
6      20      133.108      2.54604
6      21      136.184      6.80112
6      22      105.847      3.20076
6      23      139.491      5.43987
6      24      116.854      2.15731
6      25      102.935      3.55229
6      26      103.929      3.24466
6      27      103.193      2.88798
6      28      104.323      3.08034
6      29      114.107      2.52676
6      30      103.759      3.0568
6      31      105.336      3.09052
6      32      97.8467      3.3069
6      33      104.237      2.97398
6      34      98.2561      3.52182
6      35      110.407      2.75144
6      36      116.09      2.15604
6      37      100.976      2.94241
6      38      99.6032      2.77393
6      39      98.0171      2.73885
6      40      124.791      3.29643
6      41      102.474      2.64755
6      42      110.879      2.84835
6      43      121.701      3.52592
6      44      101.323      3.85511
6      45      133.887      7.66897
6      46      123.611      3.69961
6      47      111.565      2.24574
6      48      105.229      1.98785
6      49      96.0454      2.51818
6      50      129.127      3.20532
6      51      107.995      2.34813
6      52      104.967      2.61606
6      53      115.551      2.19503
6      54      106.587      2.36882
6      55      126.746      5.13539
6      56      117.167      2.88236
6      57      139.838      6.46359
6      58      99.0761      2.46781
6      59      107.637      2.83019
6      60      100.845      2.7622
6      61      102.682      2.03691
6      62      113.592      2.39744
6      63      100.267      2.8787
6      64      97.3093      3.32849
6      65      99.0622      2.58589
6      66      105.957      2.62621
6      67      104.024      2.34804
6      68      104.102      2.6118
6      69      114.042      2.87277
6      70      103.512      2.92352
6      71      97.6493      2.78072
7      0      104.935      1.96063
7      1      96.4287      4.62584
7      2      108.635      3.96899
7      3      93.955      3.03578
7      4      95.1183      3.47847
7      5      101.082      3.71876
7      6      101.845      3.49942
7      7      91.4397      2.81136
7      8      119.565      6.73894
7      9      106.937      2.46737
7      10      93.4748      2.11659
7      11      97.9547      2.33371
7      12      112.54      6.3101
7      13      90.9678      2.22057
7      14      114.024      4.61092
7      15      96.2214      2.50573
7      16      104.217      3.19361
7      17      106.482      2.93861
7      18      110.908      4.22308
7      19      113.255      5.75665
7      20      94.8199      2.40057
7      21      115.257      6.81531
7      22      101.333      2.46164
7      23      102.236      4.52234
7      24      88.738      2.07824
7      25      98.3112      2.95561
7      26      87.2321      3.09003
7      27      97.1937      3.32942
7      28      96.5431      2.52788
7      29      95.7043      2.23791
7      30      88.4819      2.83132
7      31      89.1983      2.8921
7      32      96.6147      3.04771
7      33      94.5908      3.75079
7      34      90.0828      3.26296
7      35      97.2688      2.70735
7      36      93.7525      2.22143
7      37      106.394      2.83944
7      38      100.149      3.06071
7      39      93.352      3.441
7      40      125.067      5.36588
7      41      94.075      2.71772
7      42      97.5844      2.74873
7      43      96.69      3.49095
7      44      102.308      5.00534
7      45      104.367      2.66614
7      46      101.413      2.85033
7      47      94.7607      2.58678
7      48      102.159      1.90234
7      49      108.965      3.10978
7      50      115.227      6.66418
7      51      99.4655      2.66865
7      52      97.3764      2.46066
7      53      91.1851      2.19828
7      54      101.858      2.34989
7      55      102.381      5.05624
7      56      89.4699      2.34139
7      57      112.872      6.35903
7      58      98.2853      2.09457
7      59      117.407      3.22788
7      60      96.3867      2.39814
7      61      88.5864      2.3863
7      62      105.016      3.39314
7      63      109.041      2.75346
7      64      98.4326      2.67287
7      65      94.1695      2.746
7      66      98.0852      2.55547
7      67      101.886      2.35367
7      68      98.5756      2.58102
7      69      105.472      3.30406
7      70      99.5892      3.18705
7      71      102.269      2.91464
8      0      99.7781      3.37172
8      1      122.603      3.87584
8      2      124.482      4.28287
8      3      86.1883      3.53492
8      4      170.319      4.06269
8      5      138.615      4.43766
8      6      140.183      6.13527
8      7      102.973      3.86297
8      8      169.28      5.39599
8      9      101.053      2.52461
8      10      97.8592      2.58067
8      11      114.663      3.82934
8      12      162.152      5.91325
8      13      102.085      3.12071
8      14      142.595      2.9213
8      15      126.627      2.39558
8      16      152.808      3.08426
8      17      121.156      2.69442
8      18      132.301      2.52821
8      19      141.248      3.88232
8      20      150.102      2.74406
8      21      130.36      4.30408
8      22      91.2833      2.51411
8      23      162.007      5.65192
8      24      138.199      3.6913
8      25      93.1      2.67929
8      26      106.092      3.48271
8      27      90.8536      3.88774
8      28      115.245      2.55334
8      29      125.705      3.02759
8      30      94.899      3.87364
8      31      90.6084      3.808
8      32      92.1351      3.56402
8      33      92.8133      2.69948
8      34      102.479      2.94301
8      35      103.315      3.03603
8      36      112.481      2.44729
8      37      81.6799      3.07842
8      38      82.963      2.51715
8      39      75.8265      3.54953
8      40      136.573      6.90666
8      41      86.1056      3.01671
8      42      85.887      2.83374
8      43      98.8204      3.27414
8      44      148.146      5.52664
8      45      117.491      4.36069
8      46      99.7718      2.88167
8      47      96.5857      2.33871
8      48      97.2825      2.54428
8      49      125.938      2.89239
8      50      149.282      5.01868
8      51      93.9872      2.22303
8      52      116.935      4.02728
8      53      89.9667      2.65502
8      54      97.3334      2.6491
8      55      143.278      7.51068
8      56      104.756      3.23009
8      57      160.232      7.23867
8      58      97.0339      2.46521
8      59      109.617      2.45565
8      60      103.094      6.46607
8      61      88.8258      2.76884
8      62      110.158      3.61177
8      63      84.5267      3.7505
8      64      87.7274      2.65085
8      65      84.8461      3.53897
8      66      105.45      2.77748
8      67      86.0844      3.12647
8      68      85.7141      3.34683
8      69      103.893      3.99677
8      70      87.9963      2.86371
8      71      84.7812      3.21344
9      0      139.524      2.04111
9      1      140.705      4.26014
9      2      149.911      2.81268
9      3      120.556      2.71822
9      4      181.071      3.69735
9      5      148.337      3.98586
9      6      161.016      14.6364
9      7      127.227      3.17094
9      8      187.449      6.42266
9      9      110.841      2.42497
9      10      126.953      2.65576
9      11      145.325      2.26864
9      12      193.928      4.33104
9      13      128.754      2.26462
9      14      174.758      3.29946
9      15      159.349      2.10095
9      16      188.604      2.74032
9      17      175.333      3.43766
9      18      169.38      2.44758
9      19      203.37      4.17136
9      20      173.294      2.69086
9      21      177.582      6.15947
9      22      128.481      3.08291
9      23      202.207      4.79399
9      24      146.074      2.28507
9      25      129.089      2.55169
9      26      123.023      3.15634
9      27      129.609      2.89533
9      28      136.317      2.9416
9      29      0.75538      7.06001
9      30      117.453      2.84906
9      31      121.309      2.79523
9      32      131.335      2.86024
9      33      128.782      2.72136
9      34      116.483      2.95939
9      35      150.976      2.6379
9      36      139.036      2.30514
9      37      118.222      2.92657
9      38      121.538      2.84788
9      39      116.93      2.86192
9      40      127.86      3.1174
9      41      114.323      2.94362
9      42      131.089      4.56283
9      43      53.8383      29.9043
9      44      168.904      3.45765
9      45      157.912      5.32843
9      46      161.508      3.12466
9      47      125.581      3.15363
9      48      128.739      1.9603
9      49      156.738      2.81652
9      50      165.68      4.24383
9      51      125.597      2.53748
9      52      140.294      2.36823
9      53      127.299      2.51467
9      54      129.06      2.41006
9      55      161.599      4.59555
9      56      163.081      2.73764
9      57      178.13      6.43878
9      58      125.995      2.45312
9      59      140.913      3.06135
9      60      142.044      2.34249
9      61      129.37      2.13747
9      62      139.725      2.29805
9      63      126.861      2.85406
9      64      117.892      2.74082
9      65      116.132      2.36544
9      66      131.44      2.78498
9      67      118.803      2.78398
9      68      118.321      2.76978
9      69      134.6      2.80142
9      70      111.614      3.05702
9      71      112.355      3.23037
10      0      109.478      2.29698
10      1      128.013      4.54287
10      2      123.338      3.29383
10      3      102.531      3.33087
10      4      131.845      3.66623
10      5      120.501      3.41808
10      6      120.853      3.52739
10      7      110.999      3.8309
10      8      140.761      7.32818
10      9      102.614      3.03796
10      10      112.027      2.98782
10      11      117.607      2.72794
10      12      133.677      4.18447
10      13      109.155      2.32761
10      14      115.118      2.90045
10      15      123.862      3.13774
10      16      128.146      3.72559
10      17      115.564      3.06072
10      18      130.474      3.12796
10      19      128.123      4.84023
10      20      117.446      2.54704
10      21      118.662      4.12764
10      22      106.197      2.85648
10      23      122.488      3.59326
10      24      118.603      2.50258
10      25      92.74      2.54355
10      26      110.137      2.87555
10      27      113.648      2.72737
10      28      113.652      2.24814
10      29      119.386      2.31154
10      30      104.511      2.95939
10      31      104.662      2.69852
10      32      103.25      2.93767
10      33      107.817      2.74437
10      34      109.656      3.12426
10      35      125.142      2.39829
10      36      115.956      2.40624
10      37      102.803      2.41243
10      38      109.923      2.6432
10      39      106.528      2.73663
10      40      125.134      3.24265
10      41      112.929      3.03061
10      42      113.126      2.71203
10      43      124.523      3.71765
10      44      140.942      6.17635
10      45      117.269      3.56933
10      46      130.511      3.54956
10      47      112.19      2.57199
10      48      117.318      2.0214
10      49      140.51      4.3323
10      50      120.69      3.83303
10      51      108.443      2.08626
10      52      116.232      3.18005
10      53      111.398      2.36342
10      54      110.702      2.96602
10      55      111.697      4.11645
10      56      118.2      2.7743
10      57      132.695      6.48725
10      58      110.29      2.34838
10      59      115.6      2.66732
10      60      126.365      3.25948
10      61      106.123      2.60619
10      62      130.624      2.96172
10      63      100.202      3.70359
10      64      111.208      2.5733
10      65      108.931      3.29287
10      66      125.771      2.74421
10      67      108.781      2.82929
10      68      106.532      3.01982
10      69      123.301      2.89577
10      70      106.265      3.14523
10      71      104.646      2.9392
11      0      111.766      2.16195
11      1      113.552      3.67261
11      2      104.077      3.94025
11      3      110.309      3.047
11      4      97.0841      3.03917
11      5      114.435      3.16676
11      6      109.988      4.68065
11      7      108.124      2.83564
11      8      112.883      4.02895
11      9      112.947      2.33997
11      10      112.584      3.03741
11      11      101.757      2.49063
11      12      113.228      3.36443
11      13      115.544      2.35618
11      14      108.533      2.99241
11      15      108.765      2.26587
11      16      123.172      2.75506
11      17      129.967      2.7059
11      18      124.024      2.31664
11      19      122.171      3.81675
11      20      115.65      2.55176
11      21      120.395      4.04091
11      22      110.007      2.61758
11      23      130.726      3.94686
11      24      119.782      2.60871
11      25      107.886      3.02585
11      26      105.385      2.78151
11      27      100.036      3.08665
11      28      105.343      2.15068
11      29      123.922      2.49204
11      30      107.111      3.23184
11      31      106.618      2.99789
11      32      109.318      2.85551
11      33      102.344      2.82877
11      34      106.193      3.28898
11      35      110.088      2.53869
11      36      86.4139      2.12689
11      37      88.8137      2.40986
11      38      95.3104      2.56019
11      39      94.9      3.02635
11      40      98.8677      3.75878
11      41      99.091      2.42932
11      42      104.957      2.77042
11      43      87.2913      3.13398
11      44      83.1603      4.15142
11      45      100.918      2.51216
11      46      86.4      2.53671
11      47      100.401      2.15553
11      48      98.0313      1.97386
11      49      113.884      3.24213
11      50      111.154      4.88642
11      51      100.453      2.21514
11      52      86.3594      2.35494
11      53      95.9072      2.09938
11      54      105.304      2.19545
11      55      94.9422      4.05406
11      56      94.3282      2.39091
11      57      123.813      5.43914
11      58      94.0182      2.13704
11      59      82.5744      2.59974
11      60      84.3482      2.26211
11      61      96.7363      2.29856
11      62      108.487      2.70103
11      63      105.816      2.34624
11      64      100.712      2.56676
11      65      92.287      2.73286
11      66      95.7863      2.39598
11      67      97.6536      2.48873
11      68      89.6529      2.56871
11      69      109.046      2.58089
11      70      89.6006      2.90933
11      71      109.657      2.58246
12      0      132.952      2.39623
12      1      133.129      3.58169
12      2      139.664      3.97037
12      3      107.682      3.01287
12      4      182.394      3.36683
12      5      151.836      2.99408
12      6      156.512      7.11786
12      7      112.307      3.21979
12      8      177.261      6.20168
12      9      122.446      2.3085
12      10      127.877      2.88324
12      11      137.78      3.45743
12      12      196.69      3.72029
12      13      127.664      2.34126
12      14      174.346      9.96052
12      15      148.199      2.31632
12      16      158.896      2.75846
12      17      154.115      2.48794
12      18      150.097      2.54984
12      19      140.61      4.17281
12      20      162.648      2.8751
12      21      183.734      4.00987
12      22      114.982      2.52605
12      23      134.975      3.15224
12      24      138.492      2.24915
12      25      118.368      2.79333
12      26      118.214      2.48567
12      27      117.539      3.26193
12      28      122.745      2.4811
12      29      142.697      2.88086
12      30      116.31      2.98756
12      31      119.244      2.89365
12      32      120.656      3.17337
12      33      116.851      3.22748
12      34      106.431      3.37909
12      35      148.222      3.0738
12      36      139.881      2.63237
12      37      110.279      3.20259
12      38      114.495      2.83311
12      39      109.832      3.10065
12      40      153.824      3.14654
12      41      110.522      2.55951
12      42      116.992      2.85069
12      43      125.955      3.46891
12      44      156.901      5.09909
12      45      164.366      3.28573
12      46      146.76      4.1016
12      47      121.018      2.65406
12      48      117.327      2.03924
12      49      126.719      2.33314
12      50      165.535      4.69957
12      51      114.322      2.45306
12      52      127.011      2.40617
12      53      128.798      2.36265
12      54      124.8      2.34086
12      55      160.343      3.79701
12      56      131.523      2.83367
12      57      115.995      4.15312
12      58      111.787      2.42759
12      59      123.544      2.51112
12      60      125.054      2.34912
12      61      119.525      2.61162
12      62      133.189      2.44983
12      63      108.154      3.44984
12      64      108.74      2.84785
12      65      118.847      2.83578
12      66      125.852      2.75054
12      67      108.044      2.48866
12      68      109.442      2.61955
12      69      135.662      2.91795
12      70      103.941      2.85906
12      71      120.775      3.16694
13      0      75.7778      2.43152
13      1      105.181      3.54934
13      2      100.453      3.9934
13      3      92.0713      2.751
13      4      81.2627      3.27028
13      5      106.712      3.14025
13      6      95.7699      4.89336
13      7      93.2293      2.86913
13      8      131.388      6.07409
13      9      89.6854      2.53853
13      10      88.8801      2.36726
13      11      87.9774      2.34077
13      12      110.594      4.51199
13      13      97.7984      2.53893
13      14      104.023      3.41477
13      15      105.153      2.25913
13      16      90.4583      4.4415
13      17      120.234      4.0885
13      18      121.717      3.40865
13      19      74.7195      3.55026
13      20      100.452      2.70786
13      21      126.974      7.05463
13      22      94.5017      2.75056
13      23      134.095      5.28394
13      24      92.4811      2.36234
13      25      96.8981      3.01106
13      26      90.0865      2.95195
13      27      97.436      3.12067
13      28      92.6678      2.31204
13      29      106.48      2.67717
13      30      88.0277      3.40433
13      31      90.468      2.88934
13      32      87.0303      3.16164
13      33      84.6509      2.97945
13      34      90.6917      3.12591
13      35      105.013      2.50131
13      36      85.7003      2.35657
13      37      106.87      2.76617
13      38      94.7042      2.94383
13      39      99.3529      2.83094
13      40      103.812      3.01314
13      41      100.38      2.64272
13      42      100.508      3.23852
13      43      98.0882      3.08666
13      44      107.982      4.11084
13      45      106.959      2.9525
13      46      85.6279      2.65789
13      47      110.653      2.38727
13      48      95.0568      2.17032
13      49      95.9641      2.26708
13      50      119.818      4.61059
13      51      102.64      2.13735
13      52      115.123      2.5255
13      53      100.781      2.37356
13      54      103.208      2.54432
13      55      126.722      7.24729
13      56      109.402      3.32395
13      57      93.7588      3.69917
13      58      103.72      2.46365
13      59      97.9512      2.39533
13      60      108.075      2.46463
13      61      101.537      2.72299
13      62      89.8481      2.16722
13      63      98.146      3.37944
13      64      94.844      2.60949
13      65      103.018      2.42741
13      66      110.677      2.63494
13      67      108.748      2.7187
13      68      100.368      2.76485
13      69      95.7688      3.02347
13      70      89.4933      3.3094
13      71      103.204      2.60006
14      0      112.554      2.09244
14      1      109.143      3.61613
14      2      115.791      3.79111
14      3      102.924      3.88643
14      4      129.07      2.97414
14      5      128.403      3.49267
14      6      112.792      4.40451
14      7      106.181      3.92921
14      8      108.978      3.21876
14      9      105.612      2.56155
14      10      105.095      2.32106
14      11      107.389      2.72215
14      12      144.383      3.72911
14      13      104.146      2.30441
14      14      126.838      2.68426
14      15      114.167      2.71197
14      16      107.516      2.42717
14      17      125.568      3.4305
14      18      130.023      2.43237
14      19      146.687      3.50572
14      20      134.48      2.63902
14      21      132.873      3.52794
14      22      110.028      3.01997
14      23      151.731      3.8232
14      24      118.412      2.71156
14      25      95.9258      2.93579
14      26      99.6793      3.46099
14      27      98.5856      3.15709
14      28      113.253      2.91812
14      29      116.545      2.6545
14      30      104.304      3.09211
14      31      108.454      2.91246
14      32      105.862      3.24979
14      33      107.531      2.93711
14      34      103.198      3.26652
14      35      106.587      2.82161
14      36      118.496      2.25709
14      37      97.8965      2.71655
14      38      110.251      3.94595
14      39      97.7666      2.89589
14      40      128.014      3.01196
14      41      106.038      2.73457
14      42      108.714      4.48056
14      43      118.921      4.29522
14      44      109.997      3.3508
14      45      115.918      3.57916
14      46      108.136      3.27769
14      47      113.256      2.44481
14      48      115.131      2.05627
14      49      88.9283      2.35481
14      50      122.209      2.90168
14      51      94.6611      2.18195
14      52      119.303      2.13296
14      53      117.5      2.42454
14      54      115.859      2.37691
14      55      101.611      3.30873
14      56      117.763      3.17902
14      57      123.094      3.48984
14      58      121.985      2.42026
14      59      106.085      2.32593
14      60      111.885      2.5569
14      61      98.4907      2.5792
14      62      94.2928      2.40267
14      63      97.786      3.46991
14      64      96.9469      2.45665
14      65      103.085      3.02779
14      66      101.568      2.82413
14      67      97.8168      2.92129
14      68      101.547      2.89192
14      69      88.6317      3.5031
14      70      101.188      3.24963
14      71      108.016      3.1254
15      0      96.0807      2.28007
15      1      103.836      3.73437
15      2      106.753      5.72753
15      3      87.6802      3.06531
15      4      129.904      3.9074
15      5      77.9349      34.2556
15      6      111.024      6.22153
15      7      80.3482      3.4104
15      8      135.503      5.25955
15      9      89.5793      2.48626
15      10      108.182      2.79265
15      11      103.195      4.56099
15      12      139.64      4.3378
15      13      108.285      2.51051
15      14      135.02      5.02163
15      15      104.86      2.37154
15      16      143.51      2.77591
15      17      116.11      2.47984
15      18      126.013      3.04312
15      19      121.789      3.82353
15      20      91.7862      2.80079
15      21      130.061      3.26384
15      22      100.422      2.92032
15      23      123.748      4.22051
15      24      102.587      2.68265
15      25      87.0743      2.98937
15      26      87.337      3.29508
15      27      85.8413      3.10906
15      28      102.866      2.80881
15      29      89.1455      2.75713
15      30      90.7508      2.95002
15      31      90.3484      2.73819
15      32      85.6129      3.11828
15      33      87.7861      3.33631
15      34      86.758      3.27065
15      35      115.236      2.76866
15      36      78.3499      2.33758
15      37      87.0613      2.95871
15      38      92.8205      4.62072
15      39      84.2038      2.77334
15      40      98.522      2.96392
15      41      79.9682      2.65405
15      42      87.8811      4.30293
15      43      94.3166      3.70232
15      44      117.118      4.34806
15      45      91.8708      3.34537
15      46      99.993      4.18664
15      47      81.4786      2.11588
15      48      96.8373      2.14504
15      49      105.857      2.47888
15      50      122.435      3.29519
15      51      95.9448      2.18209
15      52      79.7934      2.68327
15      53      92.7525      2.53791
15      54      99.5599      2.47872
15      55      115.269      5.66392
15      56      102.831      3.90199
15      57      118.749      4.52038
15      58      82.5804      2.62629
15      59      99.9455      3.52883
15      60      98.654      2.47377
15      61      88.61      2.82782
15      62      99.259      2.34619
15      63      79.139      4.11109
15      64      93.526      2.52599
15      65      84.5462      2.41085
15      66      92.221      3.14102
15      67      90.568      3.25231
15      68      78.7398      3.22346
15      69      99.5048      3.47916
15      70      88.3081      3.54017
15      71      81.2593      3.56981
16      0      21.5748      2.33733
16      1      199.585      4.58279
16      2      240.225      3.38562
16      3      184.218      4.16375
16      4      217.166      4.1064
16      5      206.351      3.36664
16      6      184.737      4.4034
16      7      134.53      4.18353
16      8      201.722      5.27497
16      9      189.146      2.61719
16      10      199.178      4.86882
16      11      172.426      2.67592
16      12      241.38      4.23679
16      13      161.227      2.61564
16      14      240.13      3.5391
16      15      219.96      2.8101
16      16      190.819      2.85077
16      17      209.903      2.79003
16      18      199.506      2.64044
16      19      215.976      3.5332
16      20      188.498      2.77486
16      21      235.889      3.09765
16      22      188.792      2.54657
16      23      201.732      4.15044
16      24      206.88      2.27687
16      25      189.429      3.2974
16      26      208.85      2.72231
16      27      215.625      3.49756
16      28      221.388      2.37944
16      29      209.289      2.97269
16      30      170.356      3.20787
16      31      162.638      2.89727
16      32      184.544      3.48263
16      33      193.765      3.75027
16      34      206.94      3.49728
16      35      217.648      2.96853
16      36      58.1021      2.4217
16      37      162.828      2.7706
16      38      163.9      4.08835
16      39      180.227      2.77633
16      40      228.86      3.7039
16      41      154.324      2.997
16      42      185.649      4.07344
16      43      186.447      4.26677
16      44      214.017      4.29765
16      45      191.679      3.32346
16      46      204.065      3.26524
16      47      175.869      2.14373
16      48      182.601      2.19382
16      49      187.454      2.72928
16      50      201.952      3.56912
16      51      185.822      2.15238
16      52      210.556      2.19965
16      53      190.43      2.37396
16      54      189.61      2.39088
16      55      233.139      3.96101
16      56      64.623      2.66881
16      57      251.722      3.80031
16      58      153.963      2.4519
16      59      172.361      2.48261
16      60      238.361      2.95694
16      61      212.906      2.33046
16      62      167.538      2.35001
16      63      173.03      3.29096
16      64      196.111      3.38901
16      65      158.407      2.77774
16      66      199.297      2.69019
16      67      200.386      2.72707
16      68      176.573      2.69714
16      69      172.062      3.36964
16      70      123.654      2.69649
16      71      183.069      3.07824
17      0      83.1716      3.10015
17      1      115.191      6.53977
17      2      113.757      7.87546
17      3      92.443      4.64866
17      4      108.02      4.38624
17      5      119.304      14.3674
17      6      117.407      7.21631
17      7      97.567      5.63115
17      8      115.63      4.61788
17      9      81.7465      2.76202
17      10      95.9221      3.86587
17      11      111.184      4.90869
17      12      122.022      3.59749
17      13      90.5361      2.45298
17      14      93.5684      3.18486
17      15      111.936      2.5143
17      16      114.394      3.11436
17      17      107.951      2.30581
17      18      125.024      3.53809
17      19      99.8275      2.93441
17      20      115.095      2.88805
17      21      124.35      3.23134
17      22      91.9182      2.91462
17      23      119.308      4.71
17      24      112.533      2.99389
17      25      84.3875      2.63732
17      26      86.3528      3.02754
17      27      95.5569      3.97948
17      28      95.1827      2.53505
17      29      105.986      3.82958
17      30      93.2615      3.06188
17      31      96.3514      2.75051
17      32      91.7226      3.2856
17      33      93.2545      2.89688
17      34      88.0426      3.52097
17      35      104.544      3.28678
17      36      90.6068      2.97015
17      37      78.0665      6.23846
17      38      81.927      4.77322
17      39      74.0695      6.08766
17      40      91.4804      4.24842
17      41      -0.308553      3.98954
17      42      78.815      4.93158
17      43      88.958      3.95709
17      44      100.064      5.12584
17      45      88.3002      2.54609
17      46      96.0489      2.70116
17      47      74.1141      2.9345
17      48      80.7031      3.44623
17      49      97.6008      4.0498
17      50      101.816      4.40479
17      51      79.5287      2.70506
17      52      92.154      2.74135
17      53      80.2024      3.27541
17      54      84.8034      2.31096
17      55      87.8258      5.85956
17      56      101.477      3.68029
17      57      98.7193      6.76832
17      58      80.289      2.19103
17      59      89.5302      2.30572
17      60      93.5772      4.18177
17      61      85.1726      2.26684
17      62      91.0749      2.05434
17      63      79.7741      4.24145
17      64      77.0577      3.81069
17      65      81.0478      3.5571
17      66      103.41      4.36782
17      67      83.3217      3.20215
17      68      77.3639      2.84083
17      69      95.0182      7.50292
17      70      77.1524      3.76881
17      71      80.8369      3.94739
