0      0      187.376
0      1      187.286
0      2      189.675
0      3      189.868
0      4      181.262
0      5      187.437
0      6      157.382
0      7      157.128
0      8      148.673
0      9      164.845
0      10      176.655
0      11      248.342
0      12      127.742
0      13      152.88
0      14      158.346
0      15      249.974
0      16      122.83
0      17      232.458
0      18      163.55
0      19      173.649
0      20      187.935
0      21      252.182
0      22      251.297
0      23      156.031
0      24      156.314
0      25      143.074
0      26      251.697
0      27      251.989
0      28      144.613
0      29      148.398
0      30      147.733
0      31      157.484
0      32      1022.43
0      33      764.814
0      34      233.362
0      35      234.036
0      36      143.02
0      37      245.953
0      38      232.081
0      39      180.622
0      40      181.821
0      41      174.886
0      42      240.316
0      43      249.08
0      44      184.771
0      45      155.672
0      46      198.545
0      47      239.693
0      48      207.151
0      49      223.007
0      50      194.406
0      51      210.988
0      52      148.172
0      53      151.731
0      54      179.361
0      55      186.108
0      56      152.947
0      57      219.578
0      58      180.848
0      59      177.917
0      60      158.132
0      61      139.723
0      62      159.792
0      63      106.959
0      64      143.235
0      65      157.084
0      66      122.899
0      67      154.752
0      68      161.14
0      69      167.882
0      70      181.762
0      71      147.902
1      0      131.997
1      1      112.748
1      2      143.17
1      3      105.833
1      4      149.529
1      5      99.9369
1      6      113.139
1      7      129.797
1      8      122.584
1      9      124.929
1      10      75.8075
1      11      109.9
1      12      154.129
1      13      149.56
1      14      181.648
1      15      107.081
1      16      167.263
1      17      152.083
1      18      173.072
1      19      120.594
1      20      111.308
1      21      134.267
1      22      125.845
1      23      122.897
1      24      130.907
1      25      115.416
1      26      111.664
1      27      124.507
1      28      137.994
1      29      116.313
1      30      131.674
1      31      151.258
1      32      103.926
1      33      132.164
1      34      123.751
1      35      151.931
1      36      114.538
1      37      104.993
1      38      124.491
1      39      108.839
1      40      185.139
1      41      97.5606
1      42      122.293
1      43      149.6
1      44      141.227
1      45      153.848
1      46      119.849
1      47      139.582
1      48      171.142
1      49      132.654
1      50      154.45
1      51      148.09
1      52      143.781
1      53      116.339
1      54      141.466
1      55      194.301
1      56      136.284
1      57      148.254
1      58      130.182
1      59      144.667
1      60      156.306
1      61      106.022
1      62      133.787
1      63      102.137
1      64      85.6376
1      65      146.357
1      66      94.2114
1      67      102.426
1      68      137.154
1      69      138.386
1      70      143.754
1      71      132.68
2      0      124.37
2      1      163.188
2      2      101.908
2      3      115.061
2      4      175.86
2      5      137.679
2      6      127.434
2      7      94.821
2      8      168.378
2      9      106.268
2      10      134.531
2      11      93.06
2      12      107.861
2      13      92.3089
2      14      133.017
2      15      143.029
2      16      159.277
2      17      153.118
2      18      137.485
2      19      152.557
2      20      157.962
2      21      115.975
2      22      108.525
2      23      56.8061
2      24      127.021
2      25      96.423
2      26      97.9569
2      27      91.4333
2      28      110.664
2      29      141.165
2      30      87.575
2      31      146.001
2      32      77.0992
2      33      101.716
2      34      110.466
2      35      148.232
2      36      142.002
2      37      113.862
2      38      140.644
2      39      86.2797
2      40      140.089
2      41      102.033
2      42      128.292
2      43      145.002
2      44      88.1012
2      45      123.461
2      46      181.891
2      47      119.414
2      48      113.794
2      49      151.011
2      50      133.046
2      51      112.95
2      52      123.484
2      53      110.382
2      54      120.423
2      55      155.124
2      56      117.369
2      57      113.387
2      58      157.325
2      59      167.981
2      60      169.146
2      61      109.615
2      62      158.209
2      63      86.1324
2      64      140.491
2      65      118.806
2      66      148.582
2      67      114.891
2      68      80.0527
2      69      120.735
2      70      137.673
2      71      127.909
3      0      43.1202
3      1      140.726
3      2      146.103
3      3      54.3584
3      4      132.503
3      5      55.7108
3      6      33.8259
3      7      128.518
3      8      174.065
3      9      9.91853
3      10      127.223
3      11      156.62
3      12      156.976
3      13      59.5817
3      14      158.508
3      15      33.4027
3      16      167.179
3      17      56.7196
3      18      129.853
3      19      152.766
3      20      22.4511
3      21      48.2553
3      22      33.6941
3      23      134.293
3      24      14.9265
3      25      18.2843
3      26      28.3743
3      27      142.739
3      28      31.056
3      29      145.934
3      30      44.5082
3      31      40.9614
3      32      43.9845
3      33      29.0217
3      34      150.39
3      35      31.5326
3      36      159.704
3      37      95.4228
3      38      135.598
3      39      118.125
3      40      98.3035
3      41      83.8613
3      42      88.3768
3      43      133.723
3      44      74.1011
3      45      110.43
3      46      94.9107
3      47      125.443
3      48      97.571
3      49      137.346
3      50      95.9182
3      51      95.4008
3      52      158.486
3      53      92.7155
3      54      121.455
3      55      161.634
3      56      116.669
3      57      98.9966
3      58      102.31
3      59      111.156
3      60      102.201
3      61      89.7605
3      62      156.019
3      63      124.619
3      64      123.779
3      65      105.226
3      66      54.1963
3      67      120.852
3      68      129.207
3      69      114.555
3      70      116.194
3      71      119.142
4      0      144.932
4      1      179.385
4      2      138.64
4      3      112.608
4      4      176.564
4      5      156.323
4      6      119.433
4      7      125.388
4      8      149.085
4      9      128.446
4      10      171.752
4      11      119.433
4      12      154.356
4      13      103.805
4      14      128.535
4      15      139.195
4      16      130.716
4      17      197.543
4      18      146.159
4      19      129.32
4      20      164.224
4      21      124.437
4      22      139.394
4      23      163.02
4      24      100.125
4      25      125.251
4      26      117.661
4      27      120.344
4      28      155.825
4      29      151.593
4      30      157.546
4      31      128.366
4      32      117.68
4      33      98.4961
4      34      89.2023
4      35      139.147
4      36      173.427
4      37      147.561
4      38      146.756
4      39      123.149
4      40      126.367
4      41      104.879
4      42      162.31
4      43      159.543
4      44      154.749
4      45      161.683
4      46      128.662
4      47      134.355
4      48      144.532
4      49      146.34
4      50      211.54
4      51      145.149
4      52      175.257
4      53      114.309
4      54      146.652
4      55      134.932
4      56      128.502
4      57      167.875
4      58      145.987
4      59      103.064
4      60      133.835
4      61      82.0562
4      62      134.45
4      63      159.48
4      64      120.425
4      65      149.707
4      66      114.833
4      67      98.174
4      68      132.476
4      69      132.644
4      70      118.625
4      71      107.13
5      0      130.437
5      1      145.47
5      2      93.2253
5      3      133.89
5      4      129.173
5      5      98.5397
5      6      127.124
5      7      98.4702
5      8      137.309
5      9      90.9419
5      10      121.096
5      11      90.8084
5      12      147.166
5      13      51.6119
5      14      67.0551
5      15      91.9967
5      16      123.97
5      17      124.838
5      18      94.7012
5      19      150.714
5      20      93.6938
5      21      133.353
5      22      97.9676
5      23      90.1322
5      24      80.5595
5      25      104.453
5      26      114.687
5      27      153.579
5      28      111.254
5      29      132.157
5      30      91.6826
5      31      102.416
5      32      69.3371
5      33      81.553
5      34      100.837
5      35      118.508
5      36      147.862
5      37      127.982
5      38      137.942
5      39      137.562
5      40      177.292
5      41      132.919
5      42      93.3009
5      43      120.178
5      44      159.159
5      45      144.082
5      46      128.613
5      47      132.739
5      48      129.51
5      49      129.121
5      50      171.892
5      51      151.025
5      52      116.59
5      53      153.811
5      54      120.339
5      55      104.44
5      56      142.543
5      57      140.136
5      58      145.44
5      59      124.844
5      60      128.276
5      61      93.4957
5      62      105.983
5      63      127.849
5      64      136.118
5      65      143.548
5      66      135.789
5      67      160.776
5      68      141.707
5      69      164.583
5      70      133.692
5      71      121.135
6      0      253.874
6      1      124.925
6      2      116.793
6      3      114.073
6      4      83.3112
6      5      139.002
6      6      168.864
6      7      172.323
6      8      88.6802
6      9      140.645
6      10      248.366
6      11      126.018
6      12      254.136
6      13      186.49
6      14      151.248
6      15      154.072
6      16      142.929
6      17      141.96
6      18      126.03
6      19      125.782
6      20      237.134
6      21      153.789
6      22      146.471
6      23      132.826
6      24      252.483
6      25      124.651
6      26      124.964
6      27      124.59
6      28      123.606
6      29      247.409
6      30      252.63
6      31      252.482
6      32      141.537
6      33      251.752
6      34      123.151
6      35      251.858
6      36      172.006
6      37      170.106
6      38      174.078
6      39      174.639
6      40      188.951
6      41      181.946
6      42      181.768
6      43      149.353
6      44      221.476
6      45      256.106
6      46      169.844
6      47      174.172
6      48      157.037
6      49      222.311
6      50      254.917
6      51      243.433
6      52      229.547
6      53      210.084
6      54      161.623
6      55      190.396
6      56      191.602
6      57      159.797
6      58      188.76
6      59      188.323
6      60      228.337
6      61      243.77
6      62      253.525
6      63      142.87
6      64      188.937
6      65      189.263
6      66      183.956
6      67      167.421
6      68      150.343
6      69      155.241
6      70      154.845
6      71      170.764
7      0      118.355
7      1      253.263
7      2      252.6
7      3      122.736
7      4      250.92
7      5      188.601
7      6      156.636
7      7      251.181
7      8      123.759
7      9      122.624
7      10      107.215
7      11      239.586
7      12      255.087
7      13      254.943
7      14      251.263
7      15      253.558
7      16      159.425
7      17      156.539
7      18      113.252
7      19      110.807
7      20      244.042
7      21      254.038
7      22      125.474
7      23      232.059
7      24      171.806
7      25      235.397
7      26      236.107
7      27      251.65
7      28      124.509
7      29      251.998
7      30      154.8
7      31      155.426
7      32      222.418
7      33      223.061
7      34      243.218
7      35      242.357
7      36      216.578
7      37      249.498
7      38      249.833
7      39      178.867
7      40      180.627
7      41      159.63
7      42      157.185
7      43      185.657
7      44      213.83
7      45      174.496
7      46      194.879
7      47      189.514
7      48      149.93
7      49      184.966
7      50      157.806
7      51      189.284
7      52      191.07
7      53      189.645
7      54      158.475
7      55      188.965
7      56      206.892
7      57      167.015
7      58      162.118
7      59      247.53
7      60      195.017
7      61      185.732
7      62      149.52
7      63      252.771
7      64      172.86
7      65      156.766
7      66      179.138
7      67      248.961
7      68      164.265
7      69      144.679
7      70      157.422
7      71      149.104
8      0      158.738
8      1      130.141
8      2      132.725
8      3      71.215
8      4      122.674
8      5      115.657
8      6      129.56
8      7      116.842
8      8      144.013
8      9      106.748
8      10      138.673
8      11      151.073
8      12      126.469
8      13      128.5
8      14      142.524
8      15      118.343
8      16      129.516
8      17      162.821
8      18      141.636
8      19      163.796
8      20      126.142
8      21      169.716
8      22      143.762
8      23      94.1959
8      24      104.579
8      25      121.092
8      26      100.666
8      27      147.148
8      28      113.005
8      29      145.858
8      30      124.08
8      31      156.31
8      32      126.549
8      33      135.657
8      34      103.295
8      35      185.265
8      36      160.742
8      37      144.146
8      38      166.893
8      39      164.829
8      40      110.402
8      41      118.981
8      42      165.841
8      43      166.831
8      44      139.625
8      45      110.677
8      46      204.767
8      47      112.897
8      48      137.992
8      49      156.249
8      50      145.966
8      51      134.428
8      52      124.551
8      53      149.41
8      54      138.112
8      55      132.787
8      56      181.266
8      57      136.859
8      58      133.528
8      59      147.028
8      60      112.705
8      61      147.208
8      62      145.704
8      63      160.235
8      64      122.399
8      65      167.055
8      66      120.144
8      67      148.484
8      68      153.061
8      69      109.392
8      70      112.819
8      71      131.145
9      0      129.787
9      1      85.6598
9      2      149.072
9      3      97.6035
9      4      139.897
9      5      87.4596
9      6      86.1676
9      7      101.28
9      8      113.179
9      9      70.6691
9      10      130.14
9      11      119.297
9      12      116.587
9      13      114.937
9      14      134.368
9      15      123.381
9      16      114.367
9      17      128.971
9      18      122.178
9      19      120.204
9      20      127.096
9      21      102.907
9      22      100.823
9      23      131.578
9      24      82.7913
9      25      106.753
9      26      129.055
9      27      115.219
9      28      107.157
9      29      126.52
9      30      94.0588
9      31      137.649
9      32      108.138
9      33      106.715
9      34      127.775
9      35      130.063
9      36      150.431
9      37      139.906
9      38      157.711
9      39      160.132
9      40      222.328
9      41      132.966
9      42      102.836
9      43      147.735
9      44      166.59
9      45      116.773
9      46      158.055
9      47      113.064
9      48      124.925
9      49      136.446
9      50      184.849
9      51      149.629
9      52      170.733
9      53      154.984
9      54      135.823
9      55      182.232
9      56      138.695
9      57      123.387
9      58      143.082
9      59      160.442
9      60      147.385
9      61      114.324
9      62      121.66
9      63      129.759
9      64      162.633
9      65      119.656
9      66      150.118
9      67      158.26
9      68      118.689
9      69      161.184
9      70      156.976
9      71      131.704
10      0      164.54
10      1      160.244
10      2      176.971
10      3      145.54
10      4      179.183
10      5      184.144
10      6      197.595
10      7      132.387
10      8      140.849
10      9      134.157
10      10      136.738
10      11      166.046
10      12      159.149
10      13      147.913
10      14      169.031
10      15      162.401
10      16      124.165
10      17      177.365
10      18      132.496
10      19      155.6
10      20      177.869
10      21      160.676
10      22      129.477
10      23      178.698
10      24      158.93
10      25      182.444
10      26      141.948
10      27      147.005
10      28      153.365
10      29      162.299
10      30      148.686
10      31      163.591
10      32      162.284
10      33      163.189
10      34      133.49
10      35      154.696
10      36      164.776
10      37      161.432
10      38      160.9
10      39      154.491
10      40      152.358
10      41      107.109
10      42      140.868
10      43      153.079
10      44      132.988
10      45      94.822
10      46      150.759
10      47      134.694
10      48      115.371
10      49      132.757
10      50      184.541
10      51      148.982
10      52      145.108
10      53      142.061
10      54      101.764
10      55      207.058
10      56      172.121
10      57      156.744
10      58      140.125
10      59      173.56
10      60      115.304
10      61      136.541
10      62      146.613
10      63      79.8059
10      64      137.607
10      65      138.666
10      66      135.149
10      67      150.212
10      68      154.24
10      69      155.47
10      70      156.684
10      71      147.12
11      0      118.88
11      1      119.594
11      2      157.672
11      3      87.4941
11      4      188.808
11      5      142.434
11      6      165.794
11      7      135.438
11      8      177.078
11      9      124.236
11      10      78.9816
11      11      160.768
11      12      170.047
11      13      105.576
11      14      171.338
11      15      156.331
11      16      110.775
11      17      114.251
11      18      138.153
11      19      141.856
11      20      146.824
11      21      152.204
11      22      69.0462
11      23      147.727
11      24      97.2124
11      25      91.9529
11      26      133.946
11      27      110.409
11      28      139.707
11      29      132.619
11      30      114.579
11      31      139.465
11      32      115.204
11      33      80.7054
11      34      70.0497
11      35      147.592
11      36      199.154
11      37      179.609
11      38      164.526
11      39      130.776
11      40      186.62
11      41      165.921
11      42      136.14
11      43      202.917
11      44      207.583
11      45      178.206
11      46      204.039
11      47      146.421
11      48      153.385
11      49      155.804
11      50      175.331
11      51      168.731
11      52      204.838
11      53      173.153
11      54      163.199
11      55      190.849
11      56      195.808
11      57      146.555
11      58      186.18
11      59      206.174
11      60      203.726
11      61      148.05
11      62      118.403
11      63      116.71
11      64      143.256
11      65      183.252
11      66      178.16
11      67      159.113
11      68      197.322
11      69      147.55
11      70      183.288
11      71      123.211
12      0      136.221
12      1      126.677
12      2      106.19
12      3      152.156
12      4      136.269
12      5      125.092
12      6      91.5474
12      7      151.497
12      8      105.209
12      9      125.431
12      10      112.534
12      11      110.243
12      12      121.511
12      13      109.747
12      14      129.465
12      15      119.301
12      16      121.296
12      17      132.525
12      18      145.684
12      19      61.8692
12      20      142.767
12      21      92.3578
12      22      139.191
12      23      63.5013
12      24      118.857
12      25      112.384
12      26      78.3558
12      27      124.038
12      28      152.806
12      29      125.961
12      30      97.166
12      31      100.055
12      32      90.8053
12      33      108.467
12      34      150.661
12      35      138.895
12      36      111.473
12      37      107.394
12      38      142.742
12      39      108.965
12      40      142.262
12      41      158.394
12      42      132.661
12      43      138.126
12      44      130.122
12      45      145.469
12      46      118.898
12      47      133.006
12      48      151.174
12      49      181.426
12      50      117.212
12      51      166.718
12      52      161.099
12      53      129.75
12      54      107.847
12      55      149.05
12      56      146.245
12      57      198.127
12      58      151.275
12      59      164.342
12      60      123.501
12      61      141.615
12      62      146.073
12      63      129.653
12      64      150.461
12      65      119.805
12      66      124.009
12      67      112.485
12      68      89.7488
12      69      88.1485
12      70      144.96
12      71      134.501
13      0      207.599
13      1      132.582
13      2      151.508
13      3      93.0491
13      4      197.19
13      5      147.866
13      6      168.041
13      7      146.416
13      8      117.305
13      9      142.325
13      10      135.778
13      11      174.004
13      12      114.66
13      13      138.456
13      14      154.226
13      15      137.883
13      16      175.212
13      17      114.126
13      18      99.3299
13      19      204.434
13      20      161.602
13      21      110.037
13      22      125.135
13      23      113.786
13      24      168.409
13      25      114.949
13      26      153.475
13      27      84.9689
13      28      152.838
13      29      121.315
13      30      153.033
13      31      115.007
13      32      142.832
13      33      139.84
13      34      121.185
13      35      129.5
13      36      201.41
13      37      113.155
13      38      159.139
13      39      128.752
13      40      183.945
13      41      149.045
13      42      160.021
13      43      178.924
13      44      176.74
13      45      169.556
13      46      208.284
13      47      112.711
13      48      186.591
13      49      186.296
13      50      156.046
13      51      152.068
13      52      146.993
13      53      175.783
13      54      152.083
13      55      121.818
13      56      155.345
13      57      188.553
13      58      142.787
13      59      168.577
13      60      145
13      61      141.637
13      62      204.997
13      63      170.781
13      64      170.165
13      65      109.796
13      66      131.106
13      67      121.631
13      68      125.272
13      69      187.828
13      70      173.669
13      71      124.226
14      0      89.9699
14      1      115.507
14      2      118.362
14      3      82.8973
14      4      124.462
14      5      101.652
14      6      162.467
14      7      100.915
14      8      175.288
14      9      131.182
14      10      125.132
14      11      139.433
14      12      116.54
14      13      144.897
14      14      141.186
14      15      133.231
14      16      157.431
14      17      74.1255
14      18      114.208
14      19      98.4325
14      20      86.3482
14      21      122.677
14      22      79.7246
14      23      110.785
14      24      127.253
14      25      161.21
14      26      135.347
14      27      130.958
14      28      92.0351
14      29      130.425
14      30      127.651
14      31      97.9894
14      32      122.363
14      33      82.942
14      34      111.634
14      35      155.981
14      36      142.844
14      37      189.718
14      38      143.625
14      39      187.377
14      40      158.032
14      41      150.317
14      42      140.809
14      43      145.963
14      44      179.813
14      45      158.257
14      46      179.642
14      47      147.254
14      48      135.303
14      49      205.567
14      50      164.019
14      51      197.711
14      52      155.816
14      53      137.008
14      54      140.754
14      55      188.549
14      56      172.205
14      57      169.984
14      58      131.719
14      59      165.99
14      60      149.306
14      61      163.311
14      62      195.499
14      63      191.326
14      64      193.629
14      65      169.161
14      66      170.475
14      67      189.186
14      68      169.499
14      69      201.288
14      70      156.914
14      71      129.226
15      0      162.795
15      1      135.971
15      2      105.593
15      3      95.1591
15      4      145.485
15      5      84.8591
15      6      161.718
15      7      151.486
15      8      127.906
15      9      134.853
15      10      103.195
15      11      111.052
15      12      130.78
15      13      112.929
15      14      83.5361
15      15      157.318
15      16      127.188
15      17      155.141
15      18      105.084
15      19      92.1136
15      20      189.305
15      21      140.279
15      22      81.8444
15      23      157.93
15      24      151.833
15      25      144.552
15      26      133.104
15      27      133.67
15      28      118.806
15      29      187.383
15      30      122.487
15      31      125.159
15      32      102.712
15      33      131.401
15      34      131.723
15      35      117.81
15      36      199.467
15      37      110.785
15      38      128.726
15      39      141.703
15      40      181.476
15      41      165.57
15      42      151.844
15      43      148.462
15      44      159.013
15      45      187.883
15      46      173.276
15      47      169.253
15      48      110.894
15      49      158.246
15      50      113.192
15      51      136.127
15      52      201.852
15      53      153.026
15      54      93.6048
15      55      148.542
15      56      118.102
15      57      158.075
15      58      180.552
15      59      141.588
15      60      156.07
15      61      137.113
15      62      133.92
15      63      170.686
15      64      99.941
15      65      134.957
15      66      157.612
15      67      140.182
15      68      179.232
15      69      127.742
15      70      131.109
15      71      132.601
16      0      149.899
16      1      165.409
16      2      199.626
16      3      147.959
16      4      174.109
16      5      169.388
16      6      145.883
16      7      98.259
16      8      151.459
16      9      149.214
16      10      163.236
16      11      133.565
16      12      178.943
16      13      124.129
16      14      184.8
16      15      174.172
16      16      138.391
16      17      171.273
16      18      143.257
16      19      153.816
16      20      137.056
16      21      185.495
16      22      137.761
16      23      143.274
16      24      158.262
16      25      145.912
16      26      166.68
16      27      173.239
16      28      174.759
16      29      157.048
16      30      123.887
16      31      118.019
16      32      145.763
16      33      148.462
16      34      160.452
16      35      171.239
16      36      182.39
16      37      122.362
16      38      126.427
16      39      142.746
16      40      188.986
16      41      126.938
16      42      148.954
16      43      159.34
16      44      167.619
16      45      154.446
16      46      165.993
16      47      147.106
16      48      148.409
16      49      151.191
16      50      152.555
16      51      150.395
16      52      165.371
16      53      150.69
16      54      148.292
16      55      182.553
16      56      30.8592
16      57      195.149
16      58      108.624
16      59      124.951
16      60      197.078
16      61      171.018
16      62      119.572
16      63      129.629
16      64      156.357
16      65      122.451
16      66      158.942
16      67      163.103
16      68      133.042
16      69      127.335
16      70      83.3841
16      71      143.6
17      0      165.628
17      1      109.941
17      2      128.397
17      3      101.641
17      4      169.702
17      5      126.011
17      6      127.899
17      7      95.7956
17      8      158.079
17      9      170.062
17      10      100.578
17      11      116.497
17      12      138.139
17      13      134.331
17      14      181.584
17      15      120.065
17      16      139.281
17      17      135.549
17      18      100.897
17      19      167.848
17      20      139.243
17      21      113.055
17      22      66.4723
17      23      146.577
17      24      96.2061
17      25      146.101
17      26      140.766
17      27      106.572
17      28      124.262
17      29      127.019
17      30      114.217
17      31      103.43
17      32      122.235
17      33      120.185
17      34      108.124
17      35      139.883
17      36      171.197
17      37      160.167
17      38      137.415
17      39      156.455
17      40      176.8
17      41      188.399
17      42      164.298
17      43      176.199
17      44      150.935
17      45      184.038
17      46      167.377
17      47      163.393
17      48      188.418
17      49      163.921
17      50      163.675
17      51      155.714
17      52      149.887
17      53      154.982
17      54      136.914
17      55      183.714
17      56      133.174
17      57      133.872
17      58      156.616
17      59      173.306
17      60      160.014
17      61      130.996
17      62      177.305
17      63      172.882
17      64      159.535
17      65      121.554
17      66      105.182
17      67      135.14
17      68      154.499
17      69      107.23
17      70      164.167
17      71      125.538
