0      0      187.362
0      1      187.285
0      2      189.647
0      3      189.878
0      4      181.395
0      5      187.479
0      6      157.341
0      7      157.086
0      8      148.475
0      9      164.593
0      10      176.74
0      11      248.624
0      12      127.737
0      13      153.026
0      14      158.325
0      15      249.729
0      16      122.507
0      17      232.564
0      18      254.277
0      19      173.548
0      20      187.982
0      21      252.181
0      22      251.191
0      23      155.97
0      24      156.245
0      25      142.97
0      26      251.704
0      27      251.976
0      28      144.64
0      29      148.819
0      30      148.157
0      31      157.482
0      32      1022.4
0      33      764.77
0      34      233.293
0      35      234.043
0      36      142.946
0      37      246.075
0      38      232.171
0      39      180.499
0      40      181.945
0      41      174.52
0      42      240.058
0      43      249.103
0      44      184.715
0      45      155.617
0      46      198.591
0      47      239.541
0      48      207.364
0      49      222.815
0      50      194.201
0      51      211.037
0      52      147.948
0      53      151.783
0      54      179.303
0      55      186.104
0      56      152.95
0      57      219.623
0      58      180.823
0      59      177.899
0      60      158.06
0      61      139.836
0      62      159.769
0      63      107.288
0      64      141.682
0      65      140.83
0      66      122.884
0      67      154.742
0      68      186.923
0      69      168.538
0      70      181.387
0      71      147.868
1      0      132.268
1      1      112.886
1      2      143.273
1      3      105.874
1      4      150.075
1      5      100.065
1      6      113.085
1      7      129.787
1      8      122.498
1      9      124.773
1      10      75.608
1      11      109.812
1      12      154.242
1      13      149.482
1      14      181.712
1      15      107.226
1      16      167.391
1      17      152.122
1      18      172.916
1      19      120.502
1      20      111.474
1      21      134.313
1      22      125.976
1      23      122.745
1      24      130.931
1      25      115.399
1      26      111.383
1      27      124.575
1      28      137.873
1      29      116.121
1      30      131.706
1      31      151.26
1      32      103.78
1      33      132.259
1      34      123.571
1      35      151.882
1      36      114.637
1      37      105.098
1      38      124.398
1      39      108.847
1      40      185.201
1      41      97.6109
1      42      122.353
1      43      149.551
1      44      141.4
1      45      153.849
1      46      119.549
1      47      139.626
1      48      171.054
1      49      132.772
1      50      154.454
1      51      147.998
1      52      143.708
1      53      116.194
1      54      141.445
1      55      194.252
1      56      136.226
1      57      148.18
1      58      130.14
1      59      144.519
1      60      156.29
1      61      106.141
1      62      133.721
1      63      102.233
1      64      85.5321
1      65      146.411
1      66      94.1246
1      67      103.31
1      68      136.978
1      69      138.241
1      70      143.68
1      71      132.58
2      0      124.24
2      1      163.299
2      2      101.864
2      3      115.102
2      4      175.842
2      5      137.786
2      6      127.411
2      7      94.7047
2      8      168.488
2      9      106.316
2      10      134.417
2      11      93.0817
2      12      107.983
2      13      92.0809
2      14      133.046
2      15      143.14
2      16      159.704
2      17      153.109
2      18      137.599
2      19      152.422
2      20      157.91
2      21      115.928
2      22      108.615
2      23      56.8835
2      24      126.926
2      25      96.4327
2      26      97.8127
2      27      91.3499
2      28      110.85
2      29      141.151
2      30      87.4735
2      31      146.006
2      32      77.0616
2      33      101.604
2      34      110.424
2      35      148.046
2      36      142.03
2      37      113.958
2      38      140.644
2      39      86.2473
2      40      140.159
2      41      102.006
2      42      128.341
2      43      145.1
2      44      88.0473
2      45      123.684
2      46      181.949
2      47      119.383
2      48      113.846
2      49      151.026
2      50      133.18
2      51      112.761
2      52      123.651
2      53      110.599
2      54      120.432
2      55      155.273
2      56      117.315
2      57      113.349
2      58      157.414
2      59      167.888
2      60      169.163
2      61      109.624
2      62      158.19
2      63      86.1796
2      64      140.43
2      65      118.608
2      66      148.55
2      67      114.74
2      68      79.8177
2      69      120.708
2      70      137.649
2      71      127.83
3      0      43.0292
3      1      140.318
3      2      146.219
3      3      54.3219
3      4      132.61
3      5      55.6639
3      6      33.8341
3      7      128.694
3      8      173.91
3      9      9.91972
3      10      127.263
3      11      156.513
3      12      156.878
3      13      59.4905
3      14      158.398
3      15      33.4595
3      16      167.313
3      17      56.9422
3      18      130.002
3      19      152.895
3      20      22.3571
3      21      48.3139
3      22      33.4955
3      23      134.402
3      24      14.946
3      25      18.4996
3      26      28.5777
3      27      142.65
3      28      30.9446
3      29      145.964
3      30      44.4571
3      31      40.9936
3      32      43.7863
3      33      29.0364
3      34      150.437
3      35      31.6725
3      36      159.707
3      37      95.1071
3      38      135.638
3      39      118.023
3      40      98.5834
3      41      83.8325
3      42      88.4988
3      43      133.581
3      44      73.9836
3      45      110.594
3      46      95.0817
3      47      125.517
3      48      97.5393
3      49      137.473
3      50      95.9705
3      51      95.3588
3      52      158.422
3      53      92.7373
3      54      121.212
3      55      161.779
3      56      116.787
3      57      99.0184
3      58      102.286
3      59      111.116
3      60      102.272
3      61      89.6101
3      62      156.01
3      63      124.736
3      64      123.899
3      65      105.161
3      66      54.1924
3      67      120.783
3      68      129.331
3      69      114.36
3      70      116.253
3      71      119.123
4      0      144.866
4      1      179.421
4      2      138.737
4      3      112.598
4      4      176.725
4      5      156.434
4      6      119.345
4      7      125.381
4      8      149.288
4      9      128.529
4      10      171.864
4      11      119.576
4      12      154.41
4      13      103.682
4      14      128.614
4      15      139.083
4      16      130.973
4      17      197.51
4      18      146.147
4      19      129.239
4      20      164.352
4      21      124.152
4      22      139.451
4      23      162.999
4      24      100.769
4      25      125.286
4      26      117.716
4      27      120.342
4      28      155.84
4      29      151.634
4      30      157.464
4      31      128.296
4      32      117.748
4      33      98.5364
4      34      89.0433
4      35      138.943
4      36      173.359
4      37      147.424
4      38      146.896
4      39      123.219
4      40      126.429
4      41      104.81
4      42      162.151
4      43      159.441
4      44      154.883
4      45      161.856
4      46      128.779
4      47      134.376
4      48      144.608
4      49      146.314
4      50      211.514
4      51      145.013
4      52      175.138
4      53      114.44
4      54      146.822
4      55      134.747
4      56      128.555
4      57      167.675
4      58      146.016
4      59      103.002
4      60      133.937
4      61      81.9764
4      62      134.49
4      63      159.438
4      64      120.533
4      65      149.778
4      66      114.82
4      67      98.222
4      68      132.559
4      69      132.401
4      70      118.658
4      71      106.968
5      0      130.293
5      1      145.391
5      2      93.1111
5      3      133.868
5      4      129.133
5      5      98.5373
5      6      127.086
5      7      98.5439
5      8      137.056
5      9      91.0763
5      10      120.952
5      11      90.8102
5      12      147.486
5      13      51.5595
5      14      66.8827
5      15      92.0814
5      16      123.988
5      17      124.773
5      18      94.5566
5      19      150.744
5      20      93.7811
5      21      133.304
5      22      98.2786
5      23      90.2074
5      24      80.8164
5      25      104.449
5      26      114.775
5      27      153.389
5      28      111.215
5      29      132.201
5      30      91.7877
5      31      102.398
5      32      69.1187
5      33      81.5686
5      34      100.603
5      35      118.603
5      36      147.893
5      37      128.03
5      38      137.868
5      39      137.425
5      40      177.313
5      41      132.843
5      42      93.2323
5      43      120.341
5      44      158.795
5      45      144.182
5      46      128.193
5      47      132.766
5      48      129.61
5      49      129.184
5      50      171.962
5      51      151.144
5      52      116.642
5      53      153.761
5      54      120.41
5      55      104.394
5      56      142.454
5      57      140.138
5      58      145.581
5      59      124.848
5      60      128.35
5      61      93.5364
5      62      106.096
5      63      127.714
5      64      136.288
5      65      143.588
5      66      135.965
5      67      160.765
5      68      141.633
5      69      164.51
5      70      133.616
5      71      121.116
6      0      253.92
6      1      125.034
6      2      116.415
6      3      114.114
6      4      83.2031
6      5      138.982
6      6      169.158
6      7      172.242
6      8      88.6358
6      9      140.736
6      10      248.532
6      11      126.022
6      12      254.109
6      13      186.504
6      14      151.055
6      15      154.072
6      16      142.857
6      17      141.769
6      18      125.928
6      19      125.663
6      20      237.166
6      21      153.821
6      22      146.592
6      23      132.701
6      24      252.55
6      25      124.751
6      26      124.983
6      27      124.579
6      28      123.628
6      29      247.273
6      30      252.697
6      31      252.523
6      32      141.444
6      33      250.935
6      34      123.2
6      35      251.942
6      36      171.968
6      37      170.098
6      38      174.068
6      39      174.622
6      40      188.962
6      41      182.175
6      42      181.829
6      43      149.457
6      44      221.522
6      45      256.085
6      46      169.717
6      47      174.216
6      48      157.02
6      49      222.001
6      50      254.736
6      51      243.662
6      52      229.75
6      53      210.004
6      54      161.58
6      55      190.378
6      56      191.557
6      57      159.785
6      58      188.65
6      59      188.273
6      60      228.231
6      61      243.803
6      62      253.565
6      63      142.957
6      64      188.844
6      65      189.205
6      66      184.047
6      67      167.407
6      68      150.362
6      69      155.164
6      70      154.766
6      71      170.586
7      0      118.418
7      1      253.134
7      2      252.654
7      3      122.947
7      4      250.988
7      5      188.481
7      6      156.52
7      7      251.3
7      8      124.015
7      9      122.604
7      10      107.268
7      11      239.64
7      12      254.486
7      13      254.114
7      14      251.612
7      15      253.688
7      16      159.393
7      17      156.479
7      18      113.28
7      19      111.108
7      20      243.709
7      21      254.013
7      22      125.49
7      23      231.931
7      24      171.859
7      25      235.536
7      26      236.163
7      27      251.744
7      28      124.565
7      29      252.291
7      30      154.414
7      31      155.688
7      32      221.518
7      33      221.832
7      34      243.087
7      35      242.238
7      36      216.53
7      37      249.267
7      38      249.987
7      39      178.692
7      40      180.698
7      41      159.378
7      42      157.067
7      43      186.815
7      44      213.814
7      45      174.604
7      46      194.832
7      47      189.586
7      48      149.341
7      49      184.326
7      50      157.894
7      51      189.322
7      52      190.992
7      53      189.648
7      54      158.514
7      55      188.819
7      56      206.92
7      57      166.79
7      58      161.734
7      59      247.266
7      60      194.977
7      61      185.7
7      62      149.582
7      63      252.723
7      64      172.834
7      65      156.747
7      66      187.485
7      67      249.245
7      68      164.029
7      69      143.944
7      70      157.379
7      71      149.271
8      0      158.549
8      1      130.054
8      2      132.78
8      3      71.1525
8      4      122.738
8      5      115.805
8      6      129.472
8      7      116.811
8      8      144.126
8      9      106.719
8      10      138.449
8      11      151.047
8      12      126.18
8      13      128.526
8      14      142.667
8      15      118.11
8      16      129.64
8      17      162.775
8      18      141.516
8      19      163.652
8      20      126.264
8      21      169.664
8      22      143.752
8      23      94.3276
8      24      104.698
8      25      121.27
8      26      100.485
8      27      147.109
8      28      113.115
8      29      145.885
8      30      124.295
8      31      156.28
8      32      126.54
8      33      135.726
8      34      103.167
8      35      185.327
8      36      160.732
8      37      144.138
8      38      166.979
8      39      164.939
8      40      110.428
8      41      118.74
8      42      166.034
8      43      166.815
8      44      139.706
8      45      110.793
8      46      204.751
8      47      112.775
8      48      137.915
8      49      156.264
8      50      146.113
8      51      134.372
8      52      124.736
8      53      149.358
8      54      138.397
8      55      132.364
8      56      181.345
8      57      136.789
8      58      133.43
8      59      146.866
8      60      112.891
8      61      147.283
8      62      145.753
8      63      160.308
8      64      122.461
8      65      166.984
8      66      119.991
8      67      148.278
8      68      153.021
8      69      109.249
8      70      112.824
8      71      131.182
9      0      129.796
9      1      85.5321
9      2      149.16
9      3      97.5164
9      4      139.959
9      5      87.3747
9      6      85.833
9      7      101.167
9      8      112.987
9      9      70.5926
9      10      130.105
9      11      119.797
9      12      116.489
9      13      114.993
9      14      134.503
9      15      123.219
9      16      114.428
9      17      128.859
9      18      122.267
9      19      119.903
9      20      127.257
9      21      102.749
9      22      101.005
9      23      131.647
9      24      82.8144
9      25      106.575
9      26      129.146
9      27      115.285
9      28      107.104
9      29      127.631
9      30      94.2219
9      31      137.707
9      32      108.078
9      33      106.69
9      34      127.791
9      35      130.063
9      36      150.28
9      37      139.842
9      38      157.415
9      39      160.262
9      40      222.385
9      41      133.059
9      42      102.813
9      43      110.969
9      44      166.684
9      45      116.775
9      46      158.004
9      47      113.12
9      48      124.84
9      49      136.515
9      50      184.869
9      51      149.709
9      52      170.736
9      53      155.118
9      54      135.917
9      55      182.278
9      56      138.804
9      57      123.383
9      58      143.038
9      59      160.493
9      60      147.723
9      61      114.335
9      62      121.581
9      63      129.806
9      64      162.663
9      65      119.784
9      66      150.08
9      67      158.347
9      68      118.754
9      69      161.28
9      70      156.886
9      71      131.488
10      0      164.473
10      1      160.413
10      2      176.975
10      3      145.532
10      4      179.069
10      5      183.914
10      6      197.604
10      7      132.584
10      8      141.058
10      9      134.161
10      10      136.917
10      11      166.105
10      12      159.371
10      13      147.991
10      14      168.955
10      15      162.301
10      16      124.054
10      17      177.329
10      18      132.494
10      19      155.74
10      20      177.826
10      21      160.563
10      22      129.524
10      23      178.743
10      24      158.873
10      25      182.558
10      26      141.931
10      27      147.143
10      28      153.361
10      29      162.215
10      30      148.491
10      31      163.592
10      32      162.361
10      33      163.084
10      34      133.493
10      35      154.597
10      36      164.576
10      37      161.297
10      38      160.779
10      39      154.337
10      40      152.216
10      41      107.147
10      42      140.863
10      43      153.101
10      44      132.732
10      45      94.7947
10      46      150.828
10      47      134.839
10      48      115.587
10      49      132.993
10      50      184.505
10      51      149.016
10      52      145.124
10      53      142.158
10      54      101.81
10      55      207.055
10      56      172.233
10      57      156.734
10      58      140.179
10      59      173.313
10      60      115.247
10      61      136.567
10      62      146.568
10      63      79.8153
10      64      137.528
10      65      138.554
10      66      135.334
10      67      150.271
10      68      154.303
10      69      155.476
10      70      156.791
10      71      147.124
11      0      118.787
11      1      119.623
11      2      157.987
11      3      87.6973
11      4      188.807
11      5      142.26
11      6      165.653
11      7      135.337
11      8      177.159
11      9      124.16
11      10      78.98
11      11      160.873
11      12      169.849
11      13      105.55
11      14      171.288
11      15      156.341
11      16      110.778
11      17      114.186
11      18      138.154
11      19      141.903
11      20      147.043
11      21      152.222
11      22      68.9428
11      23      147.536
11      24      97.5367
11      25      91.8994
11      26      134.106
11      27      110.065
11      28      139.741
11      29      132.512
11      30      114.643
11      31      139.548
11      32      115.41
11      33      80.4528
11      34      69.9555
11      35      147.683
11      36      199.227
11      37      179.693
11      38      164.629
11      39      130.869
11      40      186.698
11      41      165.881
11      42      136.241
11      43      202.809
11      44      207.574
11      45      178.126
11      46      204.147
11      47      146.624
11      48      153.536
11      49      155.774
11      50      175.408
11      51      168.551
11      52      204.897
11      53      173.204
11      54      163.244
11      55      190.869
11      56      195.955
11      57      146.647
11      58      186.084
11      59      206.068
11      60      203.746
11      61      147.836
11      62      118.355
11      63      116.545
11      64      143.13
11      65      183.378
11      66      178.307
11      67      159.038
11      68      197.186
11      69      147.102
11      70      183.346
11      71      123.282
12      0      136.117
12      1      126.789
12      2      105.828
12      3      152.07
12      4      136.389
12      5      125.172
12      6      91.4702
12      7      151.483
12      8      105.043
12      9      125.718
12      10      112.118
12      11      110.088
12      12      121.577
12      13      109.655
12      14      129.518
12      15      119.399
12      16      121.618
12      17      132.434
12      18      145.655
12      19      61.8906
12      20      142.691
12      21      92.6075
12      22      139.119
12      23      63.4343
12      24      118.929
12      25      112.424
12      26      78.1718
12      27      123.895
12      28      152.752
12      29      125.943
12      30      97.283
12      31      100.089
12      32      90.7992
12      33      108.51
12      34      150.641
12      35      139.024
12      36      111.331
12      37      107.3
12      38      142.735
12      39      108.961
12      40      142.105
12      41      158.315
12      42      132.704
12      43      138.181
12      44      129.978
12      45      145.664
12      46      118.856
12      47      132.888
12      48      151.226
12      49      181.495
12      50      117.264
12      51      166.594
12      52      161.375
12      53      129.555
12      54      107.851
12      55      149.089
12      56      146.368
12      57      198.331
12      58      151.184
12      59      164.515
12      60      123.78
12      61      141.729
12      62      146.195
12      63      129.633
12      64      150.402
12      65      119.672
12      66      123.946
12      67      112.411
12      68      89.5844
12      69      88.0446
12      70      145.033
12      71      134.4
13      0      207.718
13      1      132.586
13      2      151.459
13      3      93.0681
13      4      197.188
13      5      147.907
13      6      168.116
13      7      146.281
13      8      117.382
13      9      142.291
13      10      135.654
13      11      173.794
13      12      114.697
13      13      138.536
13      14      154.154
13      15      137.916
13      16      175.397
13      17      114.284
13      18      99.2928
13      19      204.252
13      20      161.608
13      21      109.833
13      22      125.073
13      23      113.631
13      24      168.52
13      25      114.824
13      26      153.449
13      27      84.8657
13      28      152.838
13      29      121.754
13      30      152.985
13      31      115.089
13      32      142.897
13      33      140.106
13      34      121.079
13      35      129.421
13      36      201.35
13      37      113.028
13      38      159.086
13      39      128.676
13      40      183.811
13      41      148.907
13      42      160.118
13      43      179.104
13      44      176.72
13      45      169.676
13      46      208.193
13      47      112.81
13      48      186.615
13      49      186.337
13      50      155.716
13      51      152.123
13      52      146.608
13      53      176.01
13      54      152.152
13      55      121.72
13      56      155.221
13      57      188.444
13      58      142.708
13      59      168.619
13      60      145.119
13      61      141.422
13      62      205.089
13      63      170.807
13      64      170.24
13      65      110.223
13      66      131.135
13      67      121.775
13      68      125.29
13      69      187.914
13      70      173.729
13      71      124.213
14      0      89.8634
14      1      115.65
14      2      118.152
14      3      82.9341
14      4      124.605
14      5      101.713
14      6      162.67
14      7      100.921
14      8      175.156
14      9      131.131
14      10      124.981
14      11      139.089
14      12      116.322
14      13      144.915
14      14      140.949
14      15      133.463
14      16      157.342
14      17      74.5631
14      18      114.368
14      19      98.4445
14      20      86.3612
14      21      122.372
14      22      79.7832
14      23      110.842
14      24      127.499
14      25      161.327
14      26      135.393
14      27      130.729
14      28      92.1511
14      29      130.511
14      30      127.7
14      31      97.8535
14      32      122.138
14      33      83.0243
14      34      111.616
14      35      155.936
14      36      142.895
14      37      189.733
14      38      143.725
14      39      187.297
14      40      157.674
14      41      150.212
14      42      140.718
14      43      146.061
14      44      179.872
14      45      158.249
14      46      179.486
14      47      147.163
14      48      135.462
14      49      205.526
14      50      163.971
14      51      197.789
14      52      155.837
14      53      136.966
14      54      140.87
14      55      188.471
14      56      172.422
14      57      170.046
14      58      131.776
14      59      165.909
14      60      149.361
14      61      163.26
14      62      195.398
14      63      191.271
14      64      193.499
14      65      169.081
14      66      170.472
14      67      189.307
14      68      169.577
14      69      201.176
14      70      156.832
14      71      129.254
15      0      162.792
15      1      136.085
15      2      105.533
15      3      95.1593
15      4      145.361
15      5      79.4549
15      6      161.646
15      7      151.793
15      8      127.752
15      9      134.711
15      10      103.343
15      11      110.969
15      12      130.746
15      13      113.071
15      14      83.4906
15      15      157.398
15      16      127.461
15      17      155.281
15      18      105.177
15      19      91.8924
15      20      189.285
15      21      140.362
15      22      81.9045
15      23      158.155
15      24      151.749
15      25      144.468
15      26      133.074
15      27      133.908
15      28      118.921
15      29      187.265
15      30      122.568
15      31      125.227
15      32      102.71
15      33      131.526
15      34      131.741
15      35      117.983
15      36      199.385
15      37      110.787
15      38      128.759
15      39      141.631
15      40      181.353
15      41      165.564
15      42      151.761
15      43      148.437
15      44      159
15      45      187.704
15      46      173.309
15      47      169.115
15      48      110.791
15      49      158.164
15      50      113.169
15      51      136.149
15      52      201.794
15      53      152.773
15      54      93.6646
15      55      148.779
15      56      118.175
15      57      158.283
15      58      180.617
15      59      141.605
15      60      156.278
15      61      137.048
15      62      134.184
15      63      170.577
15      64      99.8646
15      65      134.843
15      66      157.422
15      67      140.245
15      68      179.221
15      69      128.095
15      70      131.312
15      71      132.624
16      0      150.024
16      1      165.126
16      2      199.559
16      3      147.884
16      4      174.056
16      5      169.416
16      6      145.831
16      7      98.1938
16      8      151.5
16      9      149.04
16      10      163.367
16      11      133.656
16      12      178.837
16      13      124.066
16      14      184.825
16      15      173.969
16      16      138.444
16      17      171.212
16      18      143.469
16      19      153.72
16      20      137.083
16      21      185.454
16      22      137.762
16      23      143.585
16      24      158.332
16      25      145.852
16      26      166.545
16      27      173.251
16      28      174.703
16      29      156.954
16      30      123.811
16      31      118.261
16      32      145.755
16      33      148.518
16      34      160.565
16      35      171.051
16      36      182.287
16      37      122.412
16      38      126.381
16      39      142.805
16      40      189
16      41      127.059
16      42      148.991
16      43      159.101
16      44      167.656
16      45      154.5
16      46      165.941
16      47      147.24
16      48      148.579
16      49      150.896
16      50      152.304
16      51      150.368
16      52      165.455
16      53      150.678
16      54      148.555
16      55      182.54
16      56      30.9437
16      57      195.127
16      58      108.634
16      59      125.104
16      60      197.145
16      61      170.97
16      62      119.595
16      63      129.705
16      64      156.262
16      65      122.167
16      66      159.081
16      67      163.047
16      68      132.817
16      69      127.181
16      70      83.391
16      71      143.433
17      0      165.74
17      1      109.771
17      2      128.312
17      3      101.639
17      4      169.665
17      5      125.913
17      6      127.898
17      7      95.7193
17      8      158.382
17      9      169.78
17      10      100.586
17      11      116.268
17      12      137.866
17      13      134.385
17      14      181.483
17      15      120.084
17      16      139.271
17      17      135.46
17      18      100.847
17      19      167.951
17      20      139.174
17      21      113.084
17      22      66.528
17      23      146.747
17      24      96.2173
17      25      146.121
17      26      140.882
17      27      106.635
17      28      124.317
17      29      127.02
17      30      114.283
17      31      103.618
17      32      122.158
17      33      120.061
17      34      108.265
17      35      139.812
17      36      171.344
17      37      160.119
17      38      137.467
17      39      156.594
17      40      176.881
17      41      150.414
17      42      164.244
17      43      176.217
17      44      150.899
17      45      184.051
17      46      167.32
17      47      163.498
17      48      188.524
17      49      163.808
17      50      163.62
17      51      155.739
17      52      149.803
17      53      155.025
17      54      136.73
17      55      183.823
17      56      133.131
17      57      134.025
17      58      156.467
17      59      173.237
17      60      159.961
17      61      131.058
17      62      177.653
17      63      172.811
17      64      159.553
17      65      121.614
17      66      105.061
17      67      134.989
17      68      154.395
17      69      107.284
17      70      164.381
17      71      125.492
