0      0      188.547
0      1      187.929
0      2      187.774
0      3      254.464
0      4      254.429
0      5      182.248
0      6      156.133
0      7      156.49
0      8      255.499
0      9      255.244
0      10      158.996
0      11      242.962
0      12      126.512
0      13      253.053
0      14      158.77
0      15      250.332
0      16      123.253
0      17      235.159
0      18      162.441
0      19      174.416
0      20      187.565
0      21      251.328
0      22      251.094
0      23      155.862
0      24      156.198
0      25      142.507
0      26      252.159
0      27      252.483
0      28      145.519
0      29      147.66
0      30      147.408
0      31      158.024
0      32      1022.92
0      33      765.297
0      34      234.276
0      35      233.736
0      36      142.94
0      37      246.399
0      38      234.35
0      39      180.602
0      40      180.82
0      41      173.491
0      42      242.818
0      43      246.523
0      44      183.883
0      45      155.529
0      46      199.184
0      47      243.215
0      48      209.393
0      49      223.058
0      50      193.167
0      51      212.043
0      52      149.452
0      53      151.651
0      54      182.198
0      55      187.327
0      56      152.745
0      57      212.631
0      58      182.974
0      59      178.664
0      60      156.709
0      61      141.064
0      62      157.988
0      63      107.544
0      64      140.972
0      65      139.922
0      66      122.562
0      67      155.786
0      68      163.996
0      69      165.776
0      70      180.154
0      71      148.051
1      0      135.319
1      1      109.179
1      2      141.621
1      3      104.809
1      4      147.769
1      5      97.9032
1      6      111.846
1      7      129.533
1      8      121.692
1      9      126.206
1      10      76.807
1      11      108.009
1      12      155.25
1      13      151.612
1      14      190.405
1      15      105.668
1      16      174.714
1      17      157.08
1      18      175.32
1      19      121.18
1      20      110.067
1      21      135.811
1      22      127.559
1      23      122.541
1      24      129.967
1      25      115.83
1      26      110.769
1      27      123.936
1      28      138.185
1      29      113.742
1      30      130.401
1      31      151.359
1      32      101.367
1      33      131.883
1      34      121.701
1      35      151.481
1      36      115.385
1      37      105.205
1      38      126.304
1      39      108.631
1      40      189.55
1      41      97.3793
1      42      123.865
1      43      147.561
1      44      140.834
1      45      152.508
1      46      120.098
1      47      141.249
1      48      173.648
1      49      130.109
1      50      155.145
1      51      150.246
1      52      147.094
1      53      117.023
1      54      142.263
1      55      197.808
1      56      133.825
1      57      147.946
1      58      130.138
1      59      144.549
1      60      155.56
1      61      106.988
1      62      130.036
1      63      101.234
1      64      84.8689
1      65      144.966
1      66      93.3381
1      67      101.804
1      68      135.413
1      69      135.34
1      70      142.143
1      71      130.699
2      0      126.682
2      1      161.656
2      2      99.8089
2      3      113.964
2      4      181.266
2      5      134.967
2      6      126.603
2      7      92.753
2      8      171.78
2      9      105.7
2      10      134.492
2      11      93.4976
2      12      106.661
2      13      91.0026
2      14      137.176
2      15      142.912
2      16      166.724
2      17      158.436
2      18      137.986
2      19      159.019
2      20      159.033
2      21      117.619
2      22      108.512
2      23      61.9315
2      24      126.838
2      25      95.5709
2      26      95.8983
2      27      88.7941
2      28      109.929
2      29      141.477
2      30      84.5205
2      31      145.885
2      32      74.6075
2      33      99.8814
2      34      107.365
2      35      148.712
2      36      143.412
2      37      113.289
2      38      142.235
2      39      86.0139
2      40      140.647
2      41      101.089
2      42      129.073
2      43      143.636
2      44      91.919
2      45      122.724
2      46      186.272
2      47      117.739
2      48      113.923
2      49      151.104
2      50      132.636
2      51      113.261
2      52      125.443
2      53      110.723
2      54      119.886
2      55      157.303
2      56      116.114
2      57      117.272
2      58      158.287
2      59      170.212
2      60      169.613
2      61      109.775
2      62      157.604
2      63      85.1169
2      64      139.779
2      65      118.993
2      66      145.121
2      67      113.247
2      68      77.9143
2      69      117.695
2      70      135.405
2      71      126.033
3      0      43.7481
3      1      139.231
3      2      145.797
3      3      53.3412
3      4      132.872
3      5      53.9496
3      6      34.204
3      7      127.471
3      8      177.023
3      9      10.2938
3      10      127.389
3      11      156.925
3      12      157.688
3      13      58.5053
3      14      164.895
3      15      32.8854
3      16      172.464
3      17      57.0947
3      18      130.91
3      19      157.191
3      20      25.1283
3      21      49.0011
3      22      33.3019
3      23      134.927
3      24      16.0557
3      25      17.7719
3      26      27.4536
3      27      141.764
3      28      30.5452
3      29      146.886
3      30      42.1167
3      31      39.54
3      32      41.5186
3      33      27.4895
3      34      148.403
3      35      31.4839
3      36      164.928
3      37      94.8601
3      38      137.269
3      39      117.669
3      40      99.6564
3      41      83.1373
3      42      88.6483
3      43      133.266
3      44      77.4716
3      45      109.959
3      46      94.6178
3      47      126.36
3      48      97.2862
3      49      138.239
3      50      95.9639
3      51      95.454
3      52      163.804
3      53      92.8995
3      54      121.582
3      55      165.144
3      56      116.147
3      57      98.3901
3      58      101.35
3      59      110.734
3      60      100.549
3      61      89.5938
3      62      156.132
3      63      123.532
3      64      123.311
3      65      105.806
3      66      52.9902
3      67      119.837
3      68      127.735
3      69      112.88
3      70      114.03
3      71      117.252
4      0      146.28
4      1      178.634
4      2      137.861
4      3      112.419
4      4      178.017
4      5      155.059
4      6      118.657
4      7      125.994
4      8      148.079
4      9      128.894
4      10      172.808
4      11      118.892
4      12      153.789
4      13      104.04
4      14      129.456
4      15      138.822
4      16      131.613
4      17      200.802
4      18      146.635
4      19      129.557
4      20      164.848
4      21      125.235
4      22      140.195
4      23      163.194
4      24      99.9227
4      25      125.511
4      26      117.637
4      27      120.194
4      28      156.825
4      29      152.202
4      30      156.969
4      31      128.628
4      32      116.83
4      33      99.0835
4      34      88.5849
4      35      138.796
4      36      175.223
4      37      147.824
4      38      148.071
4      39      123.188
4      40      125.624
4      41      104.756
4      42      163.914
4      43      158.292
4      44      154.127
4      45      161.232
4      46      127.671
4      47      134.82
4      48      144.536
4      49      145.389
4      50      214.157
4      51      146.109
4      52      178.293
4      53      114.649
4      54      146.825
4      55      133.803
4      56      128.257
4      57      168.151
4      58      145.86
4      59      104.519
4      60      132.576
4      61      82.9009
4      62      132.955
4      63      159.38
4      64      120.079
4      65      150.23
4      66      113.082
4      67      97.6281
4      68      131.739
4      69      130.981
4      70      117.546
4      71      106.33
5      0      132.355
5      1      144.55
5      2      92.2603
5      3      132.719
5      4      130.383
5      5      97.08
5      6      127.715
5      7      97.2996
5      8      138.496
5      9      90.4899
5      10      120.57
5      11      89.83
5      12      149.564
5      13      50.8717
5      14      69.9069
5      15      91.2409
5      16      128.186
5      17      129.197
5      18      94.3477
5      19      155.373
5      20      93.2722
5      21      138.681
5      22      97.2958
5      23      92.2133
5      24      80.5246
5      25      104.005
5      26      113.834
5      27      152.844
5      28      111.077
5      29      132.437
5      30      89.8354
5      31      101.52
5      32      67.157
5      33      80.2541
5      34      98.3724
5      35      118.545
5      36      151.059
5      37      127.534
5      38      138.534
5      39      136.949
5      40      181.148
5      41      132.092
5      42      93.3884
5      43      118.896
5      44      161.685
5      45      144.863
5      46      128.314
5      47      132.921
5      48      129.95
5      49      128.52
5      50      175.143
5      51      151.535
5      52      117.67
5      53      154.739
5      54      119.659
5      55      104.895
5      56      142.104
5      57      141.88
5      58      145.229
5      59      124.576
5      60      127.244
5      61      93.4146
5      62      105.751
5      63      126.71
5      64      135.515
5      65      144.239
5      66      133.36
5      67      160.335
5      68      140.303
5      69      164.142
5      70      131.731
5      71      119.23
6      0      254.213
6      1      125.417
6      2      114.237
6      3      112.699
6      4      83.3128
6      5      138.618
6      6      169.626
6      7      173.031
6      8      88.4436
6      9      138.999
6      10      248.499
6      11      125.874
6      12      253.91
6      13      185.919
6      14      154.861
6      15      155.945
6      16      143.398
6      17      143.723
6      18      125.908
6      19      125.413
6      20      237.123
6      21      153.612
6      22      150.43
6      23      133.577
6      24      252.113
6      25      124.392
6      26      124.753
6      27      124.414
6      28      123.011
6      29      248.265
6      30      251.913
6      31      251.664
6      32      141.046
6      33      250.728
6      34      122.751
6      35      251.506
6      36      173.038
6      37      171.095
6      38      175.186
6      39      175.538
6      40      188.292
6      41      183.262
6      42      182.28
6      43      149.885
6      44      222.687
6      45      256.209
6      46      168.749
6      47      174.002
6      48      156.363
6      49      222.371
6      50      254.585
6      51      245.354
6      52      230.656
6      53      213.143
6      54      162.503
6      55      189.905
6      56      189.788
6      57      158.213
6      58      188.605
6      59      188.373
6      60      228.131
6      61      243.733
6      62      251.959
6      63      141.674
6      64      187.97
6      65      189.402
6      66      183.585
6      67      165.561
6      68      148.776
6      69      153.355
6      70      153.067
6      71      168.5
7      0      121.014
7      1      252.223
7      2      252.301
7      3      121.842
7      4      251.408
7      5      188.499
7      6      155.983
7      7      250.888
7      8      123.341
7      9      122.139
7      10      107.435
7      11      239.094
7      12      254.613
7      13      254.064
7      14      251.972
7      15      253.309
7      16      161.412
7      17      253.371
7      18      114.048
7      19      111.938
7      20      246.017
7      21      229.648
7      22      101.979
7      23      236.039
7      24      173.343
7      25      236.357
7      26      235.809
7      27      251.107
7      28      124.841
7      29      252.247
7      30      155.178
7      31      155.682
7      32      221.108
7      33      220.835
7      34      242.215
7      35      241.669
7      36      220.517
7      37      250.176
7      38      249.972
7      39      179.172
7      40      148.838
7      41      158.92
7      42      157.406
7      43      180.277
7      44      213.806
7      45      175.146
7      46      194.963
7      47      190.864
7      48      149.123
7      49      183.582
7      50      157.48
7      51      189.35
7      52      193.588
7      53      191.051
7      54      158.217
7      55      189.222
7      56      207.908
7      57      165.423
7      58      161.172
7      59      247.423
7      60      194.865
7      61      186.761
7      62      132.581
7      63      251.977
7      64      172.279
7      65      156.878
7      66      187.594
7      67      248.665
7      68      162.316
7      69      142.168
7      70      155.719
7      71      147.524
8      0      160.165
8      1      128.208
8      2      131.819
8      3      69.4632
8      4      123.767
8      5      114.461
8      6      129.067
8      7      115.742
8      8      145.194
8      9      105.904
8      10      138.168
8      11      150.803
8      12      126.256
8      13      128.632
8      14      145.728
8      15      117.503
8      16      133.103
8      17      166.663
8      18      142.323
8      19      167.926
8      20      126.88
8      21      173.561
8      22      143.877
8      23      94.2562
8      24      104.12
8      25      120.751
8      26      99.2256
8      27      146.15
8      28      112.873
8      29      146.181
8      30      122.271
8      31      155.789
8      32      124.688
8      33      134.789
8      34      101.139
8      35      186.439
8      36      162.616
8      37      143.906
8      38      168.082
8      39      164.776
8      40      110.802
8      41      117.962
8      42      166.899
8      43      165.686
8      44      140.343
8      45      111.319
8      46      206.388
8      47      112.535
8      48      138.224
8      49      156.662
8      50      146.768
8      51      134.481
8      52      124.891
8      53      150.101
8      54      138.328
8      55      132.684
8      56      181.752
8      57      137.638
8      58      132.844
8      59      147.526
8      60      112.03
8      61      147.712
8      62      144.704
8      63      159.852
8      64      121.631
8      65      167.637
8      66      118.033
8      67      147.847
8      68      151.931
8      69      108.43
8      70      112.057
8      71      130.057
9      0      131.516
9      1      85.0179
9      2      149.479
9      3      96.3391
9      4      142.37
9      5      86.5669
9      6      88.4838
9      7      100.53
9      8      112.91
9      9      70.1079
9      10      130.53
9      11      119.005
9      12      117.608
9      13      114.773
9      14      138.23
9      15      123.278
9      16      117.504
9      17      130.719
9      18      122.501
9      19      122.58
9      20      127.487
9      21      105.235
9      22      100.716
9      23      133.846
9      24      82.3499
9      25      106.245
9      26      128.813
9      27      114.52
9      28      107.308
9      29      91.5831
9      30      92.5739
9      31      137.424
9      32      106.779
9      33      105.991
9      34      126.577
9      35      130.848
9      36      152.218
9      37      139.499
9      38      158.047
9      39      159.447
9      40      226.484
9      41      132.468
9      42      102.812
9      43      143.432
9      44      168.901
9      45      115.856
9      46      158.603
9      47      112.782
9      48      124.4
9      49      135.862
9      50      186.962
9      51      149.978
9      52      173.399
9      53      155.407
9      54      135.313
9      55      184.964
9      56      138.126
9      57      122.775
9      58      142.781
9      59      161.159
9      60      146.691
9      61      113.946
9      62      120.503
9      63      128.254
9      64      162.289
9      65      119.685
9      66      148.164
9      67      157.657
9      68      117.21
9      69      160.573
9      70      155.603
9      71      130.301
10      0      168.073
10      1      156.368
10      2      176.859
10      3      140.723
10      4      185.075
10      5      182.661
10      6      201.212
10      7      126.406
10      8      140.373
10      9      131.296
10      10      133.783
10      11      165.552
10      12      161.814
10      13      147.267
10      14      178.886
10      15      163.248
10      16      127.793
10      17      184.331
10      18      131.774
10      19      162.116
10      20      183.917
10      21      169.416
10      22      128.225
10      23      186.063
10      24      161.264
10      25      182.1
10      26      137.67
10      27      143.435
10      28      152.737
10      29      163.716
10      30      141.95
10      31      160.776
10      32      156.542
10      33      160.237
10      34      126.26
10      35      155.462
10      36      171.963
10      37      160.531
10      38      161.694
10      39      152.309
10      40      159.121
10      41      104.116
10      42      140.57
10      43      150.191
10      44      133.828
10      45      97.4614
10      46      151.984
10      47      133.471
10      48      114.976
10      49      132.419
10      50      193.222
10      51      149.058
10      52      148.307
10      53      142.636
10      54      101.73
10      55      217.152
10      56      175.899
10      57      158.483
10      58      139.238
10      59      178.023
10      60      113.287
10      61      137.763
10      62      144.306
10      63      77.6189
10      64      135.935
10      65      141.62
10      66      130.627
10      67      149.151
10      68      151.767
10      69      155.108
10      70      153.487
10      71      143.681
11      0      120.341
11      1      116.637
11      2      156.779
11      3      87.4464
11      4      191.529
11      5      139.453
11      6      164.38
11      7      135.947
11      8      176.066
11      9      125.544
11      10      79.8338
11      11      160.766
11      12      169.686
11      13      106.148
11      14      175.406
11      15      156.792
11      16      111.236
11      17      114.437
11      18      137.939
11      19      140.871
11      20      146.187
11      21      152.69
11      22      70.3189
11      23      145.626
11      24      96.3345
11      25      92.0306
11      26      134.1
11      27      110.086
11      28      140.994
11      29      131.339
11      30      113.609
11      31      139.811
11      32      114.173
11      33      81.2515
11      34      69.1849
11      35      147.462
11      36      202.588
11      37      180.932
11      38      165.939
11      39      130.975
11      40      186.134
11      41      166.413
11      42      136.611
11      43      201.2
11      44      209.172
11      45      176.432
11      46      203.748
11      47      146.612
11      48      153.102
11      49      152.55
11      50      172.867
11      51      169.546
11      52      209.148
11      53      174.507
11      54      163.204
11      55      190.3
11      56      193.925
11      57      146.771
11      58      186.779
11      59      207.857
11      60      203.062
11      61      149.259
11      62      118.515
11      63      117.023
11      64      142.186
11      65      183.463
11      66      174.38
11      67      158.294
11      68      196.317
11      69      145.223
11      70      182.112
11      71      122.512
12      0      137.671
12      1      125.918
12      2      105.689
12      3      151.753
12      4      136.977
12      5      124.547
12      6      91.3881
12      7      151.312
12      8      104.607
12      9      125.585
12      10      111.825
12      11      109.475
12      12      121.165
12      13      109.385
12      14      130.527
12      15      119.286
12      16      122.038
12      17      133.546
12      18      146.135
12      19      63.6688
12      20      142.995
12      21      92.7876
12      22      139.476
12      23      64.9332
12      24      118.339
12      25      111.957
12      26      78.0194
12      27      123.744
12      28      153.276
12      29      126.133
12      30      96.2113
12      31      99.6444
12      32      90.1316
12      33      107.907
12      34      150.08
12      35      139.436
12      36      111.557
12      37      107.077
12      38      142.901
12      39      108.757
12      40      142.764
12      41      158.355
12      42      133.296
12      43      137.452
12      44      129.883
12      45      145.409
12      46      118.504
12      47      133.095
12      48      151.513
12      49      182.076
12      50      117.359
12      51      167.22
12      52      162.712
12      53      129.795
12      54      107.549
12      55      149.798
12      56      146.083
12      57      199.498
12      58      151.236
12      59      165.08
12      60      123.131
12      61      141.947
12      62      145.519
12      63      129.226
12      64      150.313
12      65      119.407
12      66      122.811
12      67      112.172
12      68      88.8351
12      69      87.9709
12      70      144.28
12      71      133.877
13      0      212.306
13      1      129.284
13      2      149.026
13      3      92.5938
13      4      198.966
13      5      144.591
13      6      166.841
13      7      146.146
13      8      116.109
13      9      143.409
13      10      135.838
13      11      173.78
13      12      118.621
13      13      139.865
13      14      154.793
13      15      136.607
13      16      176.811
13      17      113.872
13      18      100.473
13      19      209.79
13      20      162.035
13      21      111.033
13      22      125.884
13      23      112.747
13      24      168.231
13      25      114.889
13      26      153.491
13      27      84.0121
13      28      153.096
13      29      120.113
13      30      152.129
13      31      114.358
13      32      141.338
13      33      140.183
13      34      120.016
13      35      127.139
13      36      204.275
13      37      113.307
13      38      160.84
13      39      128.761
13      40      184.57
13      41      149.142
13      42      161.698
13      43      176.738
13      44      174.882
13      45      167.759
13      46      208.762
13      47      113.662
13      48      187.96
13      49      186.325
13      50      152.755
13      51      152.6
13      52      146.776
13      53      176.889
13      54      152.197
13      55      125.133
13      56      152.855
13      57      189.596
13      58      142.508
13      59      168.93
13      60      142.773
13      61      142.486
13      62      203.501
13      63      170.129
13      64      170.051
13      65      108.9
13      66      129.279
13      67      121.245
13      68      124.264
13      69      185.753
13      70      172.77
13      71      124.602
14      0      90.3297
14      1      113.785
14      2      116.699
14      3      83.5075
14      4      123.108
14      5      101.286
14      6      161.435
14      7      101.058
14      8      175.553
14      9      131.933
14      10      125.162
14      11      138.11
14      12      115.766
14      13      145.969
14      14      142.938
14      15      132.366
14      16      159.83
14      17      76.8176
14      18      112.853
14      19      99.4879
14      20      86.3729
14      21      121.801
14      22      80.343
14      23      110.626
14      24      126.991
14      25      162.372
14      26      135.514
14      27      130.746
14      28      92.1869
14      29      129.941
14      30      127.102
14      31      97.6833
14      32      121.575
14      33      83.553
14      34      110.889
14      35      155.786
14      36      143.372
14      37      190.999
14      38      144.718
14      39      188.281
14      40      157.078
14      41      150.732
14      42      141.606
14      43      145.113
14      44      179.689
14      45      157.4
14      46      178.803
14      47      147.979
14      48      135.624
14      49      205.173
14      50      162.662
14      51      199.339
14      52      157.124
14      53      137.422
14      54      140.913
14      55      188.422
14      56      170.847
14      57      168.635
14      58      131.952
14      59      165.415
14      60      148.318
14      61      164.369
14      62      193.987
14      63      191.514
14      64      193.898
14      65      168.286
14      66      168.316
14      67      189.628
14      68      169.165
14      69      200.291
14      70      156.585
14      71      128.919
15      0      164.387
15      1      134.724
15      2      104.524
15      3      94.2993
15      4      145.83
15      5      126.063
15      6      161.769
15      7      151.499
15      8      126.788
15      9      134.765
15      10      102.735
15      11      109.849
15      12      130.094
15      13      112.495
15      14      84.4686
15      15      157.118
15      16      128.363
15      17      157.232
15      18      104.079
15      19      94.4681
15      20      191.055
15      21      141.43
15      22      81.6341
15      23      158.884
15      24      152.062
15      25      144.411
15      26      132.9
15      27      132.867
15      28      118.637
15      29      188.151
15      30      121.242
15      31      124.737
15      32      101.377
15      33      131.083
15      34      130.57
15      35      117.159
15      36      202.372
15      37      110.333
15      38      128.929
15      39      141.287
15      40      183.813
15      41      165.424
15      42      152.348
15      43      147.196
15      44      159.128
15      45      188.772
15      46      173.201
15      47      169.685
15      48      110.397
15      49      157.778
15      50      114.718
15      51      136.1
15      52      205.174
15      53      153.643
15      54      93.9718
15      55      148.389
15      56      117.648
15      57      158.552
15      58      180.848
15      59      140.712
15      60      155.441
15      61      137.222
15      62      132.831
15      63      170.399
15      64      99.0053
15      65      134.657
15      66      155.573
15      67      139.822
15      68      178.512
15      69      126.739
15      70      130.085
15      71      131.458
16      0      152.507
16      1      163.046
16      2      200.104
16      3      148.02
16      4      173.357
16      5      167.287
16      6      144.471
16      7      98.2972
16      8      149.362
16      9      150.331
16      10      164.154
16      11      131.654
16      12      177.226
16      13      124.219
16      14      187.843
16      15      173.933
16      16      137.988
16      17      173.345
16      18      142.314
16      19      153.639
16      20      135.602
16      21      188.998
16      22      138.744
16      23      142.723
16      24      158.428
16      25      147.172
16      26      167.139
16      27      173.752
16      28      175.451
16      29      156.836
16      30      122.482
16      31      117.699
16      32      144.542
16      33      148.94
16      34      159.84
16      35      171.166
16      36      185.065
16      37      122.953
16      38      127.599
16      39      142.838
16      40      190.443
16      41      127.114
16      42      151.115
16      43      157.612
16      44      167.464
16      45      152.927
16      46      164.599
16      47      148.68
16      48      148.711
16      49      149.533
16      50      150.559
16      51      151.369
16      52      168.144
16      53      151.292
16      54      148.153
16      55      182.234
16      56      31.4679
16      57      195.545
16      58      108.827
16      59      125.364
16      60      196.54
16      61      172.645
16      62      118.837
16      63      128.849
16      64      155.576
16      65      121.779
16      66      155.892
16      67      162.745
16      68      131.664
16      69      125.365
16      70      83.0196
16      71      142.292
17      0      167.74
17      1      108.237
17      2      127.897
17      3      100.535
17      4      172.632
17      5      124.049
17      6      128.153
17      7      94.6873
17      8      159.689
17      9      170.804
17      10      99.8301
17      11      115.802
17      12      137.744
17      13      134.641
17      14      186.384
17      15      119.222
17      16      141.225
17      17      137.117
17      18      99.8914
17      19      172.853
17      20      139.82
17      21      113.98
17      22      66.5365
17      23      148.571
17      24      95.6761
17      25      146.018
17      26      140.534
17      27      105.459
17      28      124.068
17      29      127.153
17      30      112.351
17      31      102.45
17      32      120.722
17      33      119.048
17      34      106.281
17      35      140.264
17      36      173.628
17      37      160.028
17      38      137.837
17      39      155.815
17      40      178.997
17      41      148.787
17      42      165.548
17      43      175.226
17      44      150.548
17      45      185.132
17      46      167.95
17      47      164.107
17      48      188.899
17      49      163.453
17      50      164.564
17      51      155.991
17      52      151.577
17      53      155.634
17      54      136.434
17      55      187.096
17      56      132.096
17      57      134.963
17      58      156.341
17      59      174.396
17      60      159.57
17      61      130.788
17      62      176.67
17      63      172.314
17      64      159.339
17      65      121.471
17      66      102.668
17      67      133.975
17      68      153.042
17      69      106.938
17      70      162.977
17      71      123.898
