0      0      188.378
0      1      187.99
0      2      188.668
0      3      254.311
0      4      254.217
0      5      183.003
0      6      156.157
0      7      156.52
0      8      255.567
0      9      163.761
0      10      175.638
0      11      243.251
0      12      126.737
0      13      253.299
0      14      184.881
0      15      250.337
0      16      122.855
0      17      235.112
0      18      162.609
0      19      175.216
0      20      187.808
0      21      251.695
0      22      251.015
0      23      155.961
0      24      156.292
0      25      142.327
0      26      251.668
0      27      251.836
0      28      145.19
0      29      148.083
0      30      147.65
0      31      157.552
0      32      1022.47
0      33      764.816
0      34      233.675
0      35      233.736
0      36      143.088
0      37      246.655
0      38      233.685
0      39      180.503
0      40      181.411
0      41      173.808
0      42      241.912
0      43      247.135
0      44      184.671
0      45      155.729
0      46      199.853
0      47      177.121
0      48      209.115
0      49      223.146
0      50      194.558
0      51      212.194
0      52      149.292
0      53      152.079
0      54      181.025
0      55      187.644
0      56      153.099
0      57      209.359
0      58      182.614
0      59      178.895
0      60      157.181
0      61      140.612
0      62      158.623
0      63      106.769
0      64      141.104
0      65      140.284
0      66      122.214
0      67      155.496
0      68      161.755
0      69      166.29
0      70      180.495
0      71      147.56
1      0      134.41
1      1      110.081
1      2      142.388
1      3      104.68
1      4      148.845
1      5      98.1791
1      6      112.071
1      7      129.164
1      8      121.853
1      9      125.512
1      10      75.8729
1      11      108.402
1      12      155.739
1      13      150.8
1      14      188.777
1      15      105.84
1      16      173.399
1      17      155.439
1      18      175.033
1      19      121.621
1      20      110.564
1      21      136.167
1      22      126.925
1      23      122.74
1      24      130.347
1      25      115.567
1      26      110.673
1      27      123.75
1      28      138.263
1      29      114.76
1      30      130.489
1      31      151.18
1      32      101.654
1      33      131.685
1      34      121.727
1      35      151.832
1      36      115.166
1      37      104.812
1      38      125.628
1      39      108.238
1      40      189.024
1      41      97.0076
1      42      123.5
1      43      148.116
1      44      141.152
1      45      153.412
1      46      119.932
1      47      140.612
1      48      173.118
1      49      130.963
1      50      155.462
1      51      149.559
1      52      146.946
1      53      116.507
1      54      142.139
1      55      197.598
1      56      134.851
1      57      148.575
1      58      130.124
1      59      144.787
1      60      156.029
1      61      106.426
1      62      131.098
1      63      101.101
1      64      84.7688
1      65      147.986
1      66      93.3612
1      67      101.577
1      68      135.861
1      69      136.044
1      70      142.589
1      71      130.934
2      0      126.17
2      1      162.133
2      2      100.246
2      3      113.85
2      4      180.616
2      5      135.671
2      6      127.196
2      7      92.7761
2      8      171.428
2      9      105.665
2      10      134.37
2      11      92.9318
2      12      107.296
2      13      91.0131
2      14      136.961
2      15      143.101
2      16      165.053
2      17      156.643
2      18      138.1
2      19      157.702
2      20      159.235
2      21      117.502
2      22      108.231
2      23      60.2728
2      24      127.213
2      25      95.502
2      26      96.1634
2      27      89.2245
2      28      110.022
2      29      141.395
2      30      84.7216
2      31      145.688
2      32      74.6579
2      33      100.093
2      34      107.694
2      35      148.801
2      36      143.372
2      37      112.987
2      38      141.647
2      39      85.5218
2      40      141.096
2      41      101.112
2      42      128.728
2      43      143.942
2      44      90.5159
2      45      123.059
2      46      185.723
2      47      117.786
2      48      113.789
2      49      151.463
2      50      133.545
2      51      113.23
2      52      124.75
2      53      110.499
2      54      120.131
2      55      157.615
2      56      116.565
2      57      116.007
2      58      157.91
2      59      169.859
2      60      169.819
2      61      109.694
2      62      158.16
2      63      84.9871
2      64      139.827
2      65      119.282
2      66      146.305
2      67      113.675
2      68      78.0308
2      69      118.45
2      70      135.898
2      71      126.481
3      0      43.4922
3      1      139.307
3      2      146.071
3      3      53.1155
3      4      132.947
3      5      54.4893
3      6      34.122
3      7      127.359
3      8      177.077
3      9      9.67152
3      10      127.24
3      11      156.971
3      12      158.28
3      13      58.6639
3      14      163.646
3      15      32.9083
3      16      171.654
3      17      56.9935
3      18      130.791
3      19      156.983
3      20      24.1551
3      21      49.2704
3      22      33.0136
3      23      135.259
3      24      15.68
3      25      17.4893
3      26      27.412
3      27      141.803
3      28      30.3377
3      29      146.882
3      30      42.4202
3      31      39.7686
3      32      41.8713
3      33      27.7195
3      34      148.634
3      35      31.4533
3      36      163.796
3      37      94.6639
3      38      136.642
3      39      117.616
3      40      99.6718
3      41      83.0544
3      42      88.3777
3      43      133.489
3      44      76.2436
3      45      110.48
3      46      95.0037
3      47      125.989
3      48      97.4952
3      49      138.29
3      50      96.0637
3      51      95.5307
3      52      162.536
3      53      92.7428
3      54      121.606
3      55      164.833
3      56      116.686
3      57      99.0475
3      58      101.632
3      59      111.046
3      60      100.913
3      61      89.6123
3      62      156.404
3      63      123.578
3      64      123.301
3      65      105.88
3      66      53.0794
3      67      119.951
3      68      128.074
3      69      113.294
3      70      114.331
3      71      117.662
4      0      145.966
4      1      178.881
4      2      138.184
4      3      112.132
4      4      178.154
4      5      155.518
4      6      119.114
4      7      125.356
4      8      148.522
4      9      128.591
4      10      172.314
4      11      119.139
4      12      154.204
4      13      103.738
4      14      129.481
4      15      139.019
4      16      131.498
4      17      206.186
4      18      146.717
4      19      129.454
4      20      165.076
4      21      124.977
4      22      139.756
4      23      163.427
4      24      99.8967
4      25      125.075
4      26      117.402
4      27      120.055
4      28      156.579
4      29      152.27
4      30      157.017
4      31      128.362
4      32      117.124
4      33      98.0178
4      34      88.3768
4      35      139.034
4      36      174.953
4      37      147.595
4      38      147.456
4      39      123.047
4      40      126.197
4      41      104.643
4      42      163.233
4      43      158.839
4      44      154.661
4      45      161.807
4      46      127.883
4      47      134.587
4      48      144.407
4      49      145.989
4      50      213.75
4      51      145.639
4      52      177.313
4      53      114.254
4      54      146.921
4      55      134.532
4      56      128.452
4      57      168.722
4      58      145.966
4      59      103.658
4      60      133.27
4      61      82.1867
4      62      133.618
4      63      159.375
4      64      120.15
4      65      150.1
4      66      113.658
4      67      97.6736
4      68      131.898
4      69      131.59
4      70      117.803
4      71      106.417
5      0      131.533
5      1      144.975
5      2      92.5094
5      3      132.75
5      4      130.205
5      5      97.5099
5      6      127.749
5      7      97.5424
5      8      138.124
5      9      90.5276
5      10      120.581
5      11      90.2393
5      12      149.07
5      13      50.7753
5      14      68.7305
5      15      91.4421
5      16      126.941
5      17      127.65
5      18      94.6429
5      19      153.937
5      20      93.4337
5      21      137.189
5      22      97.4048
5      23      91.5356
5      24      80.382
5      25      103.892
5      26      114.029
5      27      153.078
5      28      111.228
5      29      132.588
5      30      90.3927
5      31      101.695
5      32      67.5349
5      33      80.4579
5      34      99.0632
5      35      118.794
5      36      150.049
5      37      127.409
5      38      138.153
5      39      137.033
5      40      179.918
5      41      132.241
5      42      93.1181
5      43      119.461
5      44      161.132
5      45      144.741
5      46      128.635
5      47      132.726
5      48      129.599
5      49      128.986
5      50      174.436
5      51      151.25
5      52      117.493
5      53      154.365
5      54      119.875
5      55      104.902
5      56      142.61
5      57      141.64
5      58      145.207
5      59      124.762
5      60      127.731
5      61      93.0442
5      62      105.675
5      63      127.03
5      64      135.776
5      65      143.981
5      66      134.406
5      67      160.333
5      68      140.653
5      69      164.606
5      70      132.221
5      71      120.011
6      0      254.041
6      1      125.224
6      2      115.104
6      3      113.226
6      4      82.5289
6      5      138.177
6      6      169.346
6      7      172.995
6      8      88.1834
6      9      140.058
6      10      248.271
6      11      125.978
6      12      253.877
6      13      186.106
6      14      154.681
6      15      155.56
6      16      143.578
6      17      143.503
6      18      125.771
6      19      125.434
6      20      237.155
6      21      153.666
6      22      149.319
6      23      133.214
6      24      252.244
6      25      124.464
6      26      124.628
6      27      124.267
6      28      123.232
6      29      248.587
6      30      251.953
6      31      251.814
6      32      141.065
6      33      250.752
6      34      122.871
6      35      251.518
6      36      172.836
6      37      171.102
6      38      174.618
6      39      175.051
6      40      188.382
6      41      182.913
6      42      182.055
6      43      149.674
6      44      222.579
6      45      256.051
6      46      169.513
6      47      174.101
6      48      156.421
6      49      222.543
6      50      254.89
6      51      245.431
6      52      230.036
6      53      211.529
6      54      161.791
6      55      190.203
6      56      190.512
6      57      158.951
6      58      188.573
6      59      188.274
6      60      228.224
6      61      243.606
6      62      252.392
6      63      141.903
6      64      188.282
6      65      189.323
6      66      183.563
6      67      165.881
6      68      149.05
6      69      154.174
6      70      153.671
6      71      169.354
7      0      120.23
7      1      252.545
7      2      252.358
7      3      121.59
7      4      251.384
7      5      188.584
7      6      156.364
7      7      250.806
7      8      123.264
7      9      122.177
7      10      107.196
7      11      239.521
7      12      254.877
7      13      254.435
7      14      251.931
7      15      253.09
7      16      160.925
7      17      253.341
7      18      113.022
7      19      111.794
7      20      245.82
7      21      230.169
7      22      101.353
7      23      236.056
7      24      173.059
7      25      236.305
7      26      235.839
7      27      251.245
7      28      124.903
7      29      252.311
7      30      155.246
7      31      155.469
7      32      221.319
7      33      221.461
7      34      242.363
7      35      241.788
7      36      219.457
7      37      250.021
7      38      249.54
7      39      178.859
7      40      148.834
7      41      158.958
7      42      157.232
7      43      181.568
7      44      214.087
7      45      175.479
7      46      195.593
7      47      190.242
7      48      149.075
7      49      184.329
7      50      157.647
7      51      189.481
7      52      193.12
7      53      190.644
7      54      158.378
7      55      189.25
7      56      207.965
7      57      166.951
7      58      161.328
7      59      247.49
7      60      195.195
7      61      186.211
7      62      132.544
7      63      252.238
7      64      172.563
7      65      156.827
7      66      176.947
7      67      248.483
7      68      163.039
7      69      143.114
7      70      156.294
7      71      147.959
8      0      159.338
8      1      128.85
8      2      132.103
8      3      69.7295
8      4      123.743
8      5      115.042
8      6      129.458
8      7      115.778
8      8      144.946
8      9      105.955
8      10      138.142
8      11      150.885
8      12      126.389
8      13      128.434
8      14      144.729
8      15      117.877
8      16      131.855
8      17      164.713
8      18      142.258
8      19      166.636
8      20      126.975
8      21      172.724
8      22      143.58
8      23      94.5882
8      24      104.455
8      25      120.872
8      26      99.3962
8      27      146.367
8      28      112.849
8      29      146.209
8      30      122.613
8      31      155.749
8      32      125.369
8      33      134.834
8      34      101.665
8      35      186.139
8      36      162.08
8      37      143.74
8      38      167.553
8      39      164.516
8      40      110.761
8      41      118.098
8      42      166.414
8      43      165.984
8      44      140.429
8      45      110.92
8      46      206.106
8      47      112.624
8      48      138.081
8      49      156.823
8      50      146.852
8      51      134.435
8      52      124.871
8      53      149.87
8      54      138.317
8      55      132.899
8      56      181.651
8      57      137.726
8      58      132.971
8      59      147.559
8      60      112.394
8      61      147.422
8      62      145.079
8      63      159.958
8      64      121.85
8      65      167.445
8      66      118.787
8      67      148.024
8      68      152.35
8      69      108.767
8      70      112.056
8      71      130.361
9      0      130.611
9      1      85.0827
9      2      149.584
9      3      96.6825
9      4      142
9      5      86.8731
9      6      88.5003
9      7      100.568
9      8      113.072
9      9      69.9705
9      10      130.115
9      11      119.292
9      12      117.511
9      13      114.725
9      14      136.991
9      15      123.468
9      16      116.32
9      17      130.13
9      18      122.673
9      19      122.184
9      20      127.341
9      21      105.412
9      22      100.474
9      23      133.263
9      24      82.5318
9      25      106.238
9      26      128.765
9      27      114.694
9      28      107.213
9      29      91.9958
9      30      93.0055
9      31      137.308
9      32      107.168
9      33      106.179
9      34      126.837
9      35      130.664
9      36      151.674
9      37      139.427
9      38      157.97
9      39      159.456
9      40      225.057
9      41      132.441
9      42      102.743
9      43      144.05
9      44      168.324
9      45      116.254
9      46      158.615
9      47      112.712
9      48      124.274
9      49      136.405
9      50      186.62
9      51      149.754
9      52      172.498
9      53      155.383
9      54      135.533
9      55      184.371
9      56      138.509
9      57      123.336
9      58      142.766
9      59      161.071
9      60      147.204
9      61      113.802
9      62      120.777
9      63      128.664
9      64      162.289
9      65      119.723
9      66      148.905
9      67      157.692
9      68      117.543
9      69      160.899
9      70      155.912
9      71      130.489
10      0      166.677
10      1      157.431
10      2      177.049
10      3      141.516
10      4      183.562
10      5      183.003
10      6      200.496
10      7      127.599
10      8      140.711
10      9      131.499
10      10      134.539
10      11      165.578
10      12      161.336
10      13      147.121
10      14      176.516
10      15      163.271
10      16      127.168
10      17      183.825
10      18      132.03
10      19      160.606
10      20      182.188
10      21      167.202
10      22      128.468
10      23      183.7
10      24      161.068
10      25      181.866
10      26      138.473
10      27      144.055
10      28      152.754
10      29      163.379
10      30      143.625
10      31      161.202
10      32      157.713
10      33      160.684
10      34      127.825
10      35      155.156
10      36      170.014
10      37      160.515
10      38      161.285
10      39      152.632
10      40      157.347
10      41      104.523
10      42      140.553
10      43      150.983
10      44      133.699
10      45      96.3696
10      46      152.034
10      47      133.695
10      48      114.985
10      49      132.941
10      50      191.013
10      51      148.942
10      52      147.612
10      53      142.377
10      54      101.329
10      55      214.328
10      56      175.194
10      57      158.517
10      58      139.364
10      59      176.929
10      60      113.828
10      61      137.535
10      62      145.013
10      63      77.6992
10      64      136.293
10      65      141.08
10      66      132.082
10      67      149.456
10      68      152.446
10      69      155.518
10      70      154.292
10      71      144.507
11      0      119.954
11      1      117.297
11      2      157.28
11      3      86.9314
11      4      191.522
11      5      140.203
11      6      165.073
11      7      135.371
11      8      177.247
11      9      124.81
11      10      79.0181
11      11      161.099
11      12      170.496
11      13      105.688
11      14      175.101
11      15      157.006
11      16      111.279
11      17      114.098
11      18      138.553
11      19      141.758
11      20      146.875
11      21      153.342
11      22      69.5053
11      23      146.56
11      24      96.3063
11      25      91.6544
11      26      133.801
11      27      109.664
11      28      140.54
11      29      131.778
11      30      113.437
11      31      139.533
11      32      113.864
11      33      80.624
11      34      68.7435
11      35      147.613
11      36      202.392
11      37      180.312
11      38      165.401
11      39      130.525
11      40      187.04
11      41      166.137
11      42      136.347
11      43      201.627
11      44      209.576
11      45      177.381
11      46      204.467
11      47      146.463
11      48      153.148
11      49      153.674
11      50      174.153
11      51      169.284
11      52      208.499
11      53      174.193
11      54      163.205
11      55      191.095
11      56      194.828
11      57      146.851
11      58      186.614
11      59      207.856
11      60      203.488
11      61      148.759
11      62      118.259
11      63      116.404
11      64      142.225
11      65      183.769
11      66      175.395
11      67      158.201
11      68      196.303
11      69      145.564
11      70      182.002
11      71      122.047
12      0      137.257
12      1      126.221
12      2      106.033
12      3      151.671
12      4      136.973
12      5      124.795
12      6      91.3741
12      7      151.183
12      8      104.982
12      9      125.456
12      10      111.971
12      11      109.571
12      12      121.691
12      13      109.483
12      14      130.458
12      15      119.383
12      16      122.069
12      17      133.212
12      18      146.208
12      19      62.8522
12      20      143.251
12      21      92.8418
12      22      139.198
12      23      64.2155
12      24      118.604
12      25      111.938
12      26      77.8332
12      27      123.73
12      28      153.152
12      29      126.108
12      30      96.4642
12      31      99.6151
12      32      89.9954
12      33      107.752
12      34      150.162
12      35      139.431
12      36      111.54
12      37      106.956
12      38      142.623
12      39      108.738
12      40      142.607
12      41      158.15
12      42      133.085
12      43      137.82
12      44      130.176
12      45      145.657
12      46      118.818
12      47      133.025
12      48      151.349
12      49      181.956
12      50      117.379
12      51      167.007
12      52      162.326
12      53      129.866
12      54      107.684
12      55      149.763
12      56      146.373
12      57      199.285
12      58      151.223
12      59      165.052
12      60      123.217
12      61      141.746
12      62      145.839
12      63      129.354
12      64      150.392
12      65      119.307
12      66      123.31
12      67      112.108
12      68      88.9007
12      69      87.8296
12      70      144.514
12      71      133.886
13      0      211.018
13      1      129.971
13      2      149.956
13      3      92.0869
13      4      199.44
13      5      145.587
13      6      167.569
13      7      145.71
13      8      116.399
13      9      142.965
13      10      135.661
13      11      173.961
13      12      117.516
13      13      139.287
13      14      155.185
13      15      137.214
13      16      177.354
13      17      113.901
13      18      100.073
13      19      209.385
13      20      162.376
13      21      110.848
13      22      125.602
13      23      112.965
13      24      168.692
13      25      114.923
13      26      153.363
13      27      83.5916
13      28      153.037
13      29      120.398
13      30      151.986
13      31      114.152
13      32      141.262
13      33      139.77
13      34      119.825
13      35      127.892
13      36      204.109
13      37      112.952
13      38      160.282
13      39      128.461
13      40      185.144
13      41      148.791
13      42      161.126
13      43      177.197
13      44      175.946
13      45      168.642
13      46      209.297
13      47      112.918
13      48      187.569
13      49      186.813
13      50      154.277
13      51      152.339
13      52      146.813
13      53      176.655
13      54      152.056
13      55      124.243
13      56      153.712
13      57      190.235
13      58      142.474
13      59      169.205
13      60      143.379
13      61      142.277
13      62      204.361
13      63      170.22
13      64      170.103
13      65      109.534
13      66      129.356
13      67      120.997
13      68      124.145
13      69      186.417
13      70      172.58
13      71      123.889
14      0      90.0313
14      1      114.268
14      2      117.359
14      3      82.7645
14      4      123.983
14      5      101.312
14      6      162.263
14      7      100.81
14      8      176.019
14      9      131.435
14      10      125.014
14      11      138.593
14      12      116.325
14      13      145.454
14      14      142.96
14      15      132.835
14      16      159.505
14      17      75.9624
14      18      113.474
14      19      99.1411
14      20      86.3599
14      21      122.451
14      22      79.8058
14      23      110.839
14      24      127.26
14      25      161.759
14      26      135.405
14      27      130.642
14      28      92.2386
14      29      130.359
14      30      127.076
14      31      97.5036
14      32      121.639
14      33      82.9827
14      34      110.955
14      35      156.189
14      36      143.166
14      37      190.386
14      38      144.17
14      39      187.593
14      40      157.712
14      41      150.385
14      42      141.212
14      43      145.294
14      44      180.312
14      45      157.786
14      46      179.528
14      47      147.501
14      48      135.278
14      49      205.734
14      50      163.434
14      51      198.624
14      52      156.868
14      53      137.216
14      54      140.825
14      55      188.961
14      56      171.629
14      57      169.588
14      58      131.71
14      59      165.942
14      60      148.639
14      61      163.86
14      62      194.76
14      63      191.246
14      64      193.662
14      65      168.716
14      66      169.181
14      67      189.369
14      68      169.038
14      69      200.732
14      70      156.5
14      71      128.613
15      0      163.583
15      1      135.302
15      2      104.849
15      3      94.2131
15      4      146.205
15      5      126.829
15      6      161.96
15      7      151.207
15      8      127.513
15      9      134.402
15      10      102.805
15      11      110.383
15      12      130.538
15      13      112.54
15      14      84.0273
15      15      157.562
15      16      128.361
15      17      156.484
15      18      104.639
15      19      93.4424
15      20      190.54
15      21      141.118
15      22      81.4822
15      23      158.851
15      24      152.051
15      25      144.033
15      26      132.592
15      27      133.239
15      28      118.715
15      29      187.997
15      30      121.478
15      31      124.793
15      32      101.668
15      33      131.021
15      34      130.813
15      35      117.627
15      36      201.421
15      37      110.314
15      38      128.672
15      39      141.323
15      40      183.168
15      41      165.361
15      42      152.099
15      43      147.616
15      44      159.274
15      45      188.758
15      46      173.534
15      47      169.482
15      48      110.26
15      49      158.301
15      50      114.193
15      51      136.118
15      52      204.237
15      53      153.416
15      54      93.5801
15      55      148.733
15      56      117.721
15      57      158.783
15      58      180.671
15      59      141.164
15      60      155.892
15      61      137.061
15      62      133.497
15      63      170.489
15      64      99.1839
15      65      134.749
15      66      156.356
15      67      139.688
15      68      178.602
15      69      127.056
15      70      130.23
15      71      131.64
16      0      151.867
16      1      163.419
16      2      200.114
16      3      147.508
16      4      174.157
16      5      167.655
16      6      145.118
16      7      97.6263
16      8      150.177
16      9      149.827
16      10      163.872
16      11      131.992
16      12      178.276
16      13      124.031
16      14      187.74
16      15      174.215
16      16      138.443
16      17      172.94
16      18      142.783
16      19      154.432
16      20      136.224
16      21      188.664
16      22      138.243
16      23      143.152
16      24      158.557
16      25      146.655
16      26      166.667
16      27      173.396
16      28      175.276
16      29      157.065
16      30      122.18
16      31      117.335
16      32      144.218
16      33      148.565
16      34      159.457
16      35      171.396
16      36      184.927
16      37      122.311
16      38      127.117
16      39      142.662
16      40      190.814
16      41      126.742
16      42      150.45
16      43      157.922
16      44      168.248
16      45      153.738
16      46      165.625
16      47      148.104
16      48      148.755
16      49      150.214
16      50      151.435
16      51      151.053
16      52      168.047
16      53      151.135
16      54      148.278
16      55      183.101
16      56      30.8146
16      57      196.276
16      58      108.425
16      59      125.059
16      60      197.083
16      61      172.428
16      62      118.796
16      63      128.832
16      64      155.661
16      65      122.498
16      66      156.809
16      67      162.622
16      68      131.547
16      69      125.851
16      70      82.6193
16      71      142.241
17      0      166.884
17      1      108.617
17      2      128.028
17      3      100.623
17      4      171.862
17      5      124.678
17      6      128.197
17      7      94.843
17      8      159.541
17      9      170.326
17      10      99.7798
17      11      116.039
17      12      138.218
17      13      134.448
17      14      184.935
17      15      119.538
17      16      140.562
17      17      136.628
17      18      100.514
17      19      171.21
17      20      139.767
17      21      113.867
17      22      66.1212
17      23      148.049
17      24      95.6867
17      25      145.756
17      26      140.501
17      27      105.536
17      28      123.983
17      29      127.204
17      30      112.846
17      31      102.43
17      32      121.153
17      33      119.268
17      34      106.679
17      35      140.119
17      36      172.874
17      37      159.909
17      38      137.43
17      39      155.9
17      40      178.531
17      41      148.805
17      42      164.999
17      43      175.681
17      44      150.905
17      45      184.996
17      46      168.085
17      47      163.842
17      48      188.662
17      49      163.783
17      50      164.443
17      51      155.844
17      52      151.182
17      53      155.313
17      54      136.544
17      55      186.339
17      56      132.532
17      57      134.479
17      58      156.359
17      59      174.103
17      60      159.901
17      61      130.658
17      62      177.119
17      63      172.364
17      64      159.332
17      65      121.706
17      66      103.577
17      67      134.371
17      68      153.398
17      69      106.988
17      70      163.244
17      71      124.427
