0      0      187.294
0      1      187.327
0      2      189.655
0      3      189.808
0      4      181.253
0      5      187.449
0      6      157.417
0      7      157.142
0      8      148.645
0      9      164.782
0      10      176.608
0      11      248.942
0      12      127.753
0      13      152.898
0      14      158.276
0      15      249.921
0      16      122.744
0      17      232.492
0      18      254.313
0      19      173.687
0      20      187.96
0      21      252.222
0      22      251.271
0      23      156.012
0      24      156.322
0      25      143.042
0      26      251.633
0      27      251.975
0      28      144.523
0      29      148.47
0      30      147.781
0      31      157.455
0      32      1022.44
0      33      764.838
0      34      233.287
0      35      234.002
0      36      143.023
0      37      246.001
0      38      232.132
0      39      180.72
0      40      181.936
0      41      174.859
0      42      240.477
0      43      249.162
0      44      184.87
0      45      155.737
0      46      198.729
0      47      239.653
0      48      207.303
0      49      223.162
0      50      194.511
0      51      211.099
0      52      148.211
0      53      151.841
0      54      179.486
0      55      186.176
0      56      153.122
0      57      219.887
0      58      180.976
0      59      177.977
0      60      158.272
0      61      139.931
0      62      159.766
0      63      107.191
0      64      143.251
0      65      140.799
0      66      123.056
0      67      154.813
0      68      161.139
0      69      167.88
0      70      181.809
0      71      147.908
1      0      132
1      1      112.664
1      2      143.115
1      3      105.848
1      4      149.532
1      5      99.9955
1      6      113.258
1      7      129.722
1      8      122.711
1      9      124.832
1      10      75.7633
1      11      109.983
1      12      154.082
1      13      149.573
1      14      181.705
1      15      107.059
1      16      167.191
1      17      152.056
1      18      173.067
1      19      120.672
1      20      111.43
1      21      134.481
1      22      125.955
1      23      122.848
1      24      130.92
1      25      115.394
1      26      111.57
1      27      124.437
1      28      137.998
1      29      116.146
1      30      131.675
1      31      151.211
1      32      103.864
1      33      132.262
1      34      123.727
1      35      151.954
1      36      114.521
1      37      104.886
1      38      124.392
1      39      108.909
1      40      185.145
1      41      97.6298
1      42      122.388
1      43      149.626
1      44      141.22
1      45      153.819
1      46      119.772
1      47      139.608
1      48      171.17
1      49      132.736
1      50      154.434
1      51      148.043
1      52      143.842
1      53      116.217
1      54      141.486
1      55      194.365
1      56      136.205
1      57      148.334
1      58      130.076
1      59      144.634
1      60      156.278
1      61      106.106
1      62      133.889
1      63      102.147
1      64      85.6461
1      65      145.875
1      66      94.2602
1      67      102.527
1      68      137.219
1      69      138.393
1      70      143.727
1      71      132.664
2      0      124.3
2      1      163.196
2      2      101.979
2      3      114.986
2      4      175.788
2      5      137.675
2      6      127.545
2      7      94.9043
2      8      168.358
2      9      106.179
2      10      134.56
2      11      93.0467
2      12      107.941
2      13      92.3384
2      14      133.188
2      15      143.025
2      16      159.445
2      17      153.108
2      18      137.531
2      19      152.498
2      20      157.971
2      21      115.954
2      22      108.509
2      23      56.8323
2      24      126.945
2      25      96.3183
2      26      97.8761
2      27      91.4113
2      28      110.705
2      29      141.175
2      30      87.5742
2      31      145.934
2      32      77.0363
2      33      101.826
2      34      110.459
2      35      148.242
2      36      142.097
2      37      113.846
2      38      140.762
2      39      86.2789
2      40      140.092
2      41      102.032
2      42      128.259
2      43      145.049
2      44      87.9997
2      45      123.612
2      46      181.869
2      47      119.279
2      48      113.591
2      49      151.141
2      50      132.91
2      51      113.004
2      52      123.468
2      53      110.482
2      54      120.436
2      55      155.288
2      56      117.321
2      57      113.513
2      58      157.391
2      59      168.038
2      60      169.12
2      61      109.498
2      62      158.238
2      63      86.0105
2      64      140.421
2      65      118.71
2      66      148.491
2      67      114.913
2      68      80.0137
2      69      120.832
2      70      137.697
2      71      127.879
3      0      43.1341
3      1      140.749
3      2      146.016
3      3      54.3404
3      4      132.382
3      5      55.7635
3      6      33.7575
3      7      128.531
3      8      174.058
3      9      9.68744
3      10      127.217
3      11      156.534
3      12      156.988
3      13      59.6147
3      14      158.562
3      15      33.6485
3      16      167.193
3      17      56.9768
3      18      129.868
3      19      152.898
3      20      22.3588
3      21      48.2714
3      22      33.6732
3      23      134.186
3      24      14.9605
3      25      18.4554
3      26      28.2861
3      27      142.794
3      28      30.8851
3      29      145.998
3      30      44.4441
3      31      40.9893
3      32      43.9912
3      33      28.9985
3      34      150.366
3      35      31.6672
3      36      159.711
3      37      95.374
3      38      135.553
3      39      118.199
3      40      98.2863
3      41      83.9282
3      42      88.4345
3      43      133.758
3      44      74.1223
3      45      110.541
3      46      94.9395
3      47      125.495
3      48      97.4709
3      49      137.303
3      50      95.8442
3      51      95.4155
3      52      158.438
3      53      92.7358
3      54      121.484
3      55      161.732
3      56      116.599
3      57      98.9129
3      58      102.343
3      59      111.166
3      60      102.048
3      61      89.7266
3      62      156.044
3      63      124.539
3      64      123.797
3      65      105.286
3      66      54.1708
3      67      120.833
3      68      129.168
3      69      114.612
3      70      116.122
3      71      119.145
4      0      144.971
4      1      179.255
4      2      138.654
4      3      112.606
4      4      176.648
4      5      156.238
4      6      119.519
4      7      125.375
4      8      149.062
4      9      128.44
4      10      171.754
4      11      119.461
4      12      154.451
4      13      103.699
4      14      128.654
4      15      139.127
4      16      130.9
4      17      197.51
4      18      146.201
4      19      129.458
4      20      164.271
4      21      124.473
4      22      139.46
4      23      163.015
4      24      100.128
4      25      125.304
4      26      117.646
4      27      120.296
4      28      155.694
4      29      151.548
4      30      157.499
4      31      128.322
4      32      117.682
4      33      98.433
4      34      89.1707
4      35      139.062
4      36      173.352
4      37      147.519
4      38      146.76
4      39      123.22
4      40      126.401
4      41      104.74
4      42      162.324
4      43      159.595
4      44      154.746
4      45      161.661
4      46      128.636
4      47      134.351
4      48      144.485
4      49      146.552
4      50      211.645
4      51      145.209
4      52      175.18
4      53      114.244
4      54      146.687
4      55      134.971
4      56      128.646
4      57      167.926
4      58      146.001
4      59      103.033
4      60      133.804
4      61      81.9845
4      62      134.488
4      63      159.443
4      64      120.405
4      65      149.427
4      66      114.819
4      67      98.1527
4      68      132.5
4      69      132.657
4      70      118.624
4      71      107.135
5      0      130.4
5      1      145.546
5      2      93.2276
5      3      133.888
5      4      129.14
5      5      98.5275
5      6      127.076
5      7      98.5317
5      8      137.56
5      9      90.885
5      10      120.991
5      11      90.826
5      12      147.274
5      13      51.5842
5      14      66.9044
5      15      91.9518
5      16      123.969
5      17      124.906
5      18      94.7322
5      19      150.784
5      20      93.5997
5      21      133.45
5      22      97.9999
5      23      90.1734
5      24      80.5626
5      25      104.328
5      26      114.732
5      27      153.592
5      28      111.299
5      29      132.217
5      30      91.775
5      31      102.365
5      32      69.3033
5      33      81.5529
5      34      100.694
5      35      118.533
5      36      147.88
5      37      127.979
5      38      137.954
5      39      137.601
5      40      177.373
5      41      132.919
5      42      93.2003
5      43      120.256
5      44      158.955
5      45      144.048
5      46      128.538
5      47      132.718
5      48      129.437
5      49      129.217
5      50      171.998
5      51      150.947
5      52      116.586
5      53      153.731
5      54      120.403
5      55      104.443
5      56      142.565
5      57      140.277
5      58      145.54
5      59      124.94
5      60      128.333
5      61      93.3764
5      62      105.962
5      63      127.812
5      64      136.261
5      65      143.505
5      66      135.687
5      67      160.76
5      68      141.78
5      69      164.619
5      70      133.606
5      71      121.095
6      0      253.813
6      1      124.853
6      2      116.854
6      3      113.993
6      4      83.237
6      5      138.615
6      6      169.063
6      7      172.342
6      8      88.7059
6      9      140.754
6      10      248.42
6      11      126.048
6      12      254.117
6      13      186.505
6      14      151.022
6      15      153.375
6      16      142.917
6      17      141.937
6      18      126.012
6      19      125.77
6      20      237.132
6      21      153.869
6      22      146.569
6      23      132.67
6      24      252.469
6      25      124.628
6      26      124.913
6      27      124.523
6      28      123.607
6      29      247.339
6      30      252.538
6      31      252.375
6      32      141.58
6      33      250.922
6      34      123.178
6      35      251.894
6      36      172.036
6      37      170.254
6      38      174.084
6      39      189.609
6      40      188.966
6      41      181.994
6      42      181.784
6      43      149.468
6      44      221.526
6      45      256.063
6      46      169.903
6      47      174.12
6      48      157.015
6      49      222.264
6      50      254.909
6      51      243.311
6      52      229.579
6      53      210.049
6      54      161.551
6      55      190.376
6      56      191.65
6      57      159.847
6      58      188.818
6      59      188.397
6      60      228.314
6      61      243.807
6      62      253.596
6      63      142.874
6      64      188.983
6      65      189.252
6      66      183.958
6      67      167.377
6      68      150.206
6      69      155.131
6      70      154.763
6      71      170.648
7      0      118.378
7      1      253.29
7      2      252.703
7      3      122.709
7      4      250.938
7      5      188.663
7      6      156.693
7      7      251.144
7      8      123.774
7      9      122.604
7      10      107.173
7      11      239.72
7      12      255.138
7      13      255
7      14      251.354
7      15      253.673
7      16      159.423
7      17      156.563
7      18      113.227
7      19      110.805
7      20      243.895
7      21      254.054
7      22      125.487
7      23      232.036
7      24      171.796
7      25      235.378
7      26      236.099
7      27      251.634
7      28      124.47
7      29      251.969
7      30      154.746
7      31      155.381
7      32      222.405
7      33      223.029
7      34      243.151
7      35      242.311
7      36      216.649
7      37      249.519
7      38      249.831
7      39      178.836
7      40      148.628
7      41      159.36
7      42      157.219
7      43      185.439
7      44      213.844
7      45      174.456
7      46      194.827
7      47      189.551
7      48      149.387
7      49      184.975
7      50      158.015
7      51      189.404
7      52      191.113
7      53      189.687
7      54      158.568
7      55      189.067
7      56      206.919
7      57      167.015
7      58      162.212
7      59      247.687
7      60      195.223
7      61      185.581
7      62      149.487
7      63      252.869
7      64      172.969
7      65      156.77
7      66      179.085
7      67      248.935
7      68      164.32
7      69      144.878
7      70      157.519
7      71      149.163
8      0      158.761
8      1      130.103
8      2      132.742
8      3      71.1325
8      4      122.677
8      5      115.694
8      6      129.514
8      7      116.856
8      8      144.003
8      9      106.694
8      10      138.68
8      11      151.113
8      12      126.442
8      13      128.491
8      14      142.628
8      15      118.248
8      16      129.661
8      17      162.851
8      18      141.673
8      19      163.687
8      20      126.306
8      21      169.741
8      22      143.672
8      23      94.3514
8      24      104.579
8      25      121.085
8      26      100.52
8      27      147.074
8      28      113.083
8      29      145.835
8      30      124.085
8      31      156.275
8      32      126.541
8      33      135.617
8      34      103.248
8      35      185.286
8      36      160.774
8      37      144
8      38      166.894
8      39      164.76
8      40      110.274
8      41      118.823
8      42      165.828
8      43      166.93
8      44      139.593
8      45      110.63
8      46      204.847
8      47      112.959
8      48      138.033
8      49      156.408
8      50      145.959
8      51      134.422
8      52      124.564
8      53      149.423
8      54      138.293
8      55      132.942
8      56      181.176
8      57      136.998
8      58      133.445
8      59      146.956
8      60      112.78
8      61      147.252
8      62      145.703
8      63      160.255
8      64      122.5
8      65      166.913
8      66      119.982
8      67      148.375
8      68      153.09
8      69      109.393
8      70      112.829
8      71      131.094
9      0      129.753
9      1      85.587
9      2      149.269
9      3      97.491
9      4      140.027
9      5      87.6315
9      6      86.3576
9      7      101.325
9      8      113.065
9      9      70.5711
9      10      130.144
9      11      119.424
9      12      116.786
9      13      114.915
9      14      134.556
9      15      123.421
9      16      114.543
9      17      129
9      18      122.218
9      19      120.368
9      20      127.171
9      21      102.941
9      22      100.776
9      23      131.701
9      24      82.8461
9      25      106.628
9      26      129.085
9      27      115.288
9      28      107.205
9      29      56.0238
9      30      94.0246
9      31      137.701
9      32      108.213
9      33      106.685
9      34      127.756
9      35      130.1
9      36      150.392
9      37      139.875
9      38      157.856
9      39      160.056
9      40      222.433
9      41      132.922
9      42      102.775
9      43      149.412
9      44      166.724
9      45      116.888
9      46      158.061
9      47      113.05
9      48      124.812
9      49      136.406
9      50      184.943
9      51      149.605
9      52      170.833
9      53      154.895
9      54      135.892
9      55      182.437
9      56      138.757
9      57      123.419
9      58      143.134
9      59      160.432
9      60      147.335
9      61      114.295
9      62      121.449
9      63      129.763
9      64      162.543
9      65      119.62
9      66      150.021
9      67      158.114
9      68      118.702
9      69      161.222
9      70      156.83
9      71      131.52
10      0      164.486
10      1      160.267
10      2      176.898
10      3      145.607
10      4      179.181
10      5      184.046
10      6      197.636
10      7      132.495
10      8      140.955
10      9      133.971
10      10      136.785
10      11      166.076
10      12      159.063
10      13      147.94
10      14      169.015
10      15      162.386
10      16      124.351
10      17      177.427
10      18      132.492
10      19      155.564
10      20      177.867
10      21      160.659
10      22      129.304
10      23      178.799
10      24      158.907
10      25      182.407
10      26      141.901
10      27      147.063
10      28      153.393
10      29      162.354
10      30      148.721
10      31      163.562
10      32      162.269
10      33      163.196
10      34      133.56
10      35      154.64
10      36      164.652
10      37      161.361
10      38      160.875
10      39      154.428
10      40      152.34
10      41      107.005
10      42      140.806
10      43      153.05
10      44      132.952
10      45      94.7667
10      46      150.758
10      47      134.694
10      48      115.497
10      49      132.835
10      50      184.555
10      51      149.001
10      52      145.159
10      53      142.039
10      54      101.661
10      55      207.051
10      56      172.052
10      57      156.743
10      58      140.173
10      59      173.525
10      60      115.305
10      61      136.592
10      62      146.642
10      63      79.7339
10      64      137.597
10      65      138.57
10      66      135.248
10      67      150.246
10      68      154.288
10      69      155.54
10      70      156.767
10      71      147.143
11      0      118.925
11      1      119.773
11      2      157.717
11      3      87.6187
11      4      188.747
11      5      142.289
11      6      165.755
11      7      135.376
11      8      177.075
11      9      124.243
11      10      78.957
11      11      160.773
11      12      169.967
11      13      105.53
11      14      171.366
11      15      156.361
11      16      110.844
11      17      114.065
11      18      138.135
11      19      141.947
11      20      146.915
11      21      152.324
11      22      68.9337
11      23      147.73
11      24      97.1679
11      25      91.9616
11      26      133.959
11      27      110.376
11      28      139.678
11      29      132.58
11      30      114.682
11      31      139.516
11      32      115.191
11      33      80.6562
11      34      69.9685
11      35      147.594
11      36      199.242
11      37      179.693
11      38      164.501
11      39      130.84
11      40      186.771
11      41      165.862
11      42      136.07
11      43      202.908
11      44      207.71
11      45      178.247
11      46      204.065
11      47      146.395
11      48      153.506
11      49      155.659
11      50      175.436
11      51      169.08
11      52      204.735
11      53      173.128
11      54      163.155
11      55      190.792
11      56      195.774
11      57      146.546
11      58      186.156
11      59      206.186
11      60      203.769
11      61      148.1
11      62      118.338
11      63      116.587
11      64      143.161
11      65      183.187
11      66      178.071
11      67      159.072
11      68      197.319
11      69      147.581
11      70      183.206
11      71      123.156
12      0      136.287
12      1      126.812
12      2      106.277
12      3      152.013
12      4      136.334
12      5      125.137
12      6      91.5577
12      7      151.392
12      8      105.225
12      9      125.345
12      10      112.518
12      11      110.248
12      12      121.576
12      13      109.683
12      14      129.486
12      15      119.303
12      16      121.325
12      17      132.603
12      18      145.72
12      19      61.8701
12      20      142.857
12      21      92.5432
12      22      139.133
12      23      63.3976
12      24      118.868
12      25      112.41
12      26      78.3203
12      27      123.987
12      28      152.823
12      29      125.959
12      30      97.1529
12      31      99.9932
12      32      90.8689
12      33      108.398
12      34      150.598
12      35      138.93
12      36      111.411
12      37      107.263
12      38      142.613
12      39      108.869
12      40      142.29
12      41      158.419
12      42      132.628
12      43      138.236
12      44      130.06
12      45      145.491
12      46      118.874
12      47      133.114
12      48      151.296
12      49      181.582
12      50      117.289
12      51      166.681
12      52      161.108
12      53      129.564
12      54      107.855
12      55      149.204
12      56      146.348
12      57      198.222
12      58      151.116
12      59      164.424
12      60      123.554
12      61      141.754
12      62      146.162
12      63      129.564
12      64      150.411
12      65      119.693
12      66      124.083
12      67      112.433
12      68      89.6372
12      69      88.1066
12      70      145.071
12      71      134.447
13      0      207.652
13      1      132.615
13      2      151.583
13      3      92.9602
13      4      197.181
13      5      147.798
13      6      168
13      7      146.459
13      8      117.293
13      9      142.249
13      10      135.729
13      11      174.031
13      12      114.616
13      13      138.517
13      14      154.217
13      15      137.89
13      16      175.299
13      17      114.15
13      18      99.3758
13      19      204.363
13      20      161.759
13      21      110.074
13      22      125.145
13      23      113.839
13      24      168.398
13      25      115.111
13      26      153.399
13      27      84.9855
13      28      152.793
13      29      121.286
13      30      153.192
13      31      114.813
13      32      142.857
13      33      139.879
13      34      121.163
13      35      129.376
13      36      201.445
13      37      113.065
13      38      159.105
13      39      128.903
13      40      184.023
13      41      148.975
13      42      160.036
13      43      178.879
13      44      176.721
13      45      169.589
13      46      208.244
13      47      112.63
13      48      186.652
13      49      186.359
13      50      155.927
13      51      152.036
13      52      146.985
13      53      175.778
13      54      152.039
13      55      121.772
13      56      155.365
13      57      188.502
13      58      142.84
13      59      168.454
13      60      145.099
13      61      141.623
13      62      205.061
13      63      170.714
13      64      170.273
13      65      109.715
13      66      131.061
13      67      121.683
13      68      125.291
13      69      187.912
13      70      173.674
13      71      124.193
14      0      89.9394
14      1      115.587
14      2      118.308
14      3      82.7847
14      4      124.603
14      5      101.736
14      6      162.451
14      7      100.895
14      8      175.321
14      9      131.169
14      10      125.056
14      11      139.385
14      12      116.572
14      13      144.903
14      14      141.196
14      15      133.22
14      16      157.454
14      17      74.0825
14      18      114.382
14      19      98.352
14      20      86.3878
14      21      122.825
14      22      79.6553
14      23      110.844
14      24      127.415
14      25      161.245
14      26      135.287
14      27      130.909
14      28      92.1132
14      29      130.413
14      30      127.67
14      31      97.8536
14      32      122.305
14      33      82.9584
14      34      111.514
14      35      155.964
14      36      142.961
14      37      189.703
14      38      143.638
14      39      187.362
14      40      158.162
14      41      150.249
14      42      140.711
14      43      145.947
14      44      179.848
14      45      158.186
14      46      179.656
14      47      147.209
14      48      135.353
14      49      205.529
14      50      164.045
14      51      197.722
14      52      155.869
14      53      136.873
14      54      140.883
14      55      188.604
14      56      172.253
14      57      170.17
14      58      131.69
14      59      165.968
14      60      149.265
14      61      163.328
14      62      195.463
14      63      191.321
14      64      193.58
14      65      168.963
14      66      170.43
14      67      189.257
14      68      169.536
14      69      201.103
14      70      156.934
14      71      129.205
15      0      162.839
15      1      135.916
15      2      105.578
15      3      95.1543
15      4      145.505
15      5      121.728
15      6      161.693
15      7      151.447
15      8      127.851
15      9      134.622
15      10      103.153
15      11      111.186
15      12      131.016
15      13      112.928
15      14      83.5065
15      15      157.386
15      16      127.329
15      17      155.16
15      18      105.071
15      19      92.0386
15      20      189.47
15      21      140.226
15      22      81.8935
15      23      158.071
15      24      151.811
15      25      144.477
15      26      133.06
15      27      133.791
15      28      118.707
15      29      187.359
15      30      122.48
15      31      125.123
15      32      102.575
15      33      131.301
15      34      131.759
15      35      117.791
15      36      199.592
15      37      110.676
15      38      128.726
15      39      141.665
15      40      181.552
15      41      165.579
15      42      151.878
15      43      148.41
15      44      158.972
15      45      187.893
15      46      173.314
15      47      169.135
15      48      110.889
15      49      158.311
15      50      113.17
15      51      136.22
15      52      201.877
15      53      152.949
15      54      93.5975
15      55      148.664
15      56      118.016
15      57      158.118
15      58      180.603
15      59      141.621
15      60      156.044
15      61      137.029
15      62      134.23
15      63      170.684
15      64      99.8437
15      65      134.896
15      66      157.547
15      67      140.166
15      68      179.11
15      69      127.759
15      70      131.145
15      71      132.535
16      0      149.875
16      1      165.31
16      2      199.634
16      3      147.957
16      4      173.982
16      5      169.476
16      6      145.819
16      7      98.2112
16      8      151.664
16      9      149.199
16      10      163.247
16      11      133.725
16      12      178.962
16      13      124.003
16      14      184.763
16      15      174.023
16      16      138.317
16      17      171.344
16      18      143.304
16      19      153.716
16      20      137.058
16      21      185.517
16      22      137.743
16      23      143.46
16      24      158.146
16      25      145.911
16      26      166.63
16      27      173.217
16      28      174.886
16      29      156.953
16      30      123.882
16      31      118.289
16      32      145.742
16      33      148.424
16      34      160.5
16      35      171.234
16      36      182.454
16      37      122.397
16      38      126.408
16      39      142.715
16      40      188.923
16      41      126.95
16      42      148.957
16      43      159.113
16      44      167.649
16      45      154.394
16      46      165.976
16      47      147.196
16      48      148.463
16      49      151.209
16      50      152.425
16      51      150.43
16      52      165.405
16      53      150.658
16      54      148.378
16      55      182.549
16      56      30.9339
16      57      195.227
16      58      108.586
16      59      124.918
16      60      197.034
16      61      170.975
16      62      119.66
16      63      129.637
16      64      156.427
16      65      122.385
16      66      158.98
16      67      163.079
16      68      132.966
16      69      127.303
16      70      83.3839
16      71      143.526
17      0      165.703
17      1      109.839
17      2      128.323
17      3      101.735
17      4      169.833
17      5      126.044
17      6      127.943
17      7      95.6967
17      8      158.157
17      9      169.875
17      10      100.522
17      11      116.531
17      12      138.143
17      13      134.241
17      14      181.644
17      15      120.096
17      16      139.326
17      17      135.569
17      18      100.949
17      19      167.979
17      20      139.334
17      21      113.116
17      22      66.3344
17      23      146.614
17      24      96.0556
17      25      146.02
17      26      140.896
17      27      106.585
17      28      124.396
17      29      127.082
17      30      114.171
17      31      103.329
17      32      122.156
17      33      120.182
17      34      108.066
17      35      139.892
17      36      171.307
17      37      160.224
17      38      137.478
17      39      156.484
17      40      176.822
17      41      95.2272
17      42      164.29
17      43      176.246
17      44      151.02
17      45      184.139
17      46      167.476
17      47      163.444
17      48      188.453
17      49      163.843
17      50      163.639
17      51      155.598
17      52      149.982
17      53      154.999
17      54      136.833
17      55      183.84
17      56      132.964
17      57      133.827
17      58      156.626
17      59      173.392
17      60      160.029
17      61      130.984
17      62      177.455
17      63      172.823
17      64      159.517
17      65      121.546
17      66      105.126
17      67      135.096
17      68      154.514
17      69      107.306
17      70      164.189
17      71      125.481
