0      0      187.496
0      1      187.345
0      2      189.504
0      3      189.619
0      4      181.651
0      5      187.316
0      6      157.339
0      7      157.124
0      8      148.56
0      9      164.747
0      10      176.722
0      11      247.541
0      12      127.642
0      13      152.766
0      14      184.423
0      15      250.108
0      16      122.681
0      17      232.604
0      18      254.184
0      19      173.489
0      20      187.925
0      21      252.12
0      22      251.163
0      23      156.004
0      24      156.298
0      25      142.978
0      26      251.505
0      27      251.795
0      28      144.383
0      29      148.462
0      30      147.723
0      31      157.24
0      32      1022.33
0      33      764.728
0      34      233.079
0      35      233.887
0      36      143.313
0      37      246.219
0      38      232.221
0      39      180.952
0      40      182.36
0      41      174.87
0      42      240.531
0      43      249.32
0      44      185.116
0      45      156.049
0      46      199.017
0      47      239.794
0      48      207.809
0      49      223.354
0      50      194.674
0      51      211.258
0      52      148.546
0      53      152.052
0      54      179.646
0      55      186.428
0      56      153.417
0      57      220.409
0      58      181.108
0      59      178.124
0      60      158.455
0      61      140.055
0      62      160.078
0      63      107.19
0      64      142.629
0      65      140.817
0      66      123.14
0      67      155.066
0      68      161.331
0      69      168.116
0      70      181.422
0      71      148.089
1      0      132.236
1      1      112.835
1      2      143.253
1      3      105.64
1      4      149.719
1      5      100.015
1      6      112.732
1      7      129.737
1      8      122.615
1      9      124.724
1      10      75.4597
1      11      110.097
1      12      154.187
1      13      149.503
1      14      182.159
1      15      107.189
1      16      167.791
1      17      151.864
1      18      173.053
1      19      120.895
1      20      111.454
1      21      134.443
1      22      125.808
1      23      122.715
1      24      130.83
1      25      115.334
1      26      111.434
1      27      124.385
1      28      138.107
1      29      116.097
1      30      131.643
1      31      151.158
1      32      103.826
1      33      131.95
1      34      123.597
1      35      152.001
1      36      114.622
1      37      104.884
1      38      124.322
1      39      108.86
1      40      185.148
1      41      97.3273
1      42      122.217
1      43      149.596
1      44      141.423
1      45      154.14
1      46      119.808
1      47      139.52
1      48      171.24
1      49      132.781
1      50      154.711
1      51      147.948
1      52      144.528
1      53      116.108
1      54      141.357
1      55      194.484
1      56      136.325
1      57      148.525
1      58      130.06
1      59      144.839
1      60      156.24
1      61      106.097
1      62      133.867
1      63      102.001
1      64      85.6209
1      65      145.537
1      66      94.0529
1      67      102.367
1      68      137.158
1      69      138.354
1      70      143.631
1      71      132.565
2      0      124.363
2      1      163.228
2      2      101.903
2      3      115.037
2      4      175.932
2      5      137.807
2      6      127.533
2      7      94.73
2      8      168.502
2      9      106.127
2      10      134.522
2      11      92.9925
2      12      108.051
2      13      92.1765
2      14      133.807
2      15      143.046
2      16      159.643
2      17      153.1
2      18      137.655
2      19      152.545
2      20      158.129
2      21      115.847
2      22      108.347
2      23      56.8748
2      24      127.099
2      25      96.2658
2      26      97.9047
2      27      91.2558
2      28      110.651
2      29      141.103
2      30      87.4312
2      31      145.892
2      32      76.8004
2      33      101.54
2      34      110.374
2      35      148.186
2      36      142.141
2      37      113.768
2      38      140.718
2      39      86.1585
2      40      140.235
2      41      101.919
2      42      128.146
2      43      145.179
2      44      87.9499
2      45      123.733
2      46      182.112
2      47      119.23
2      48      113.775
2      49      151.073
2      50      133
2      51      113.004
2      52      123.556
2      53      110.532
2      54      120.422
2      55      155.287
2      56      117.332
2      57      113.4
2      58      157.394
2      59      167.89
2      60      169.194
2      61      109.419
2      62      158.327
2      63      86.1504
2      64      140.408
2      65      118.651
2      66      148.593
2      67      114.828
2      68      79.7946
2      69      120.833
2      70      137.736
2      71      127.781
3      0      42.7726
3      1      140.573
3      2      146.121
3      3      54.3212
3      4      132.511
3      5      55.8725
3      6      33.8017
3      7      128.367
3      8      174.22
3      9      9.8161
3      10      127.149
3      11      156.492
3      12      156.963
3      13      59.5299
3      14      158.628
3      15      33.4618
3      16      167.577
3      17      56.8995
3      18      129.889
3      19      153.378
3      20      22.2074
3      21      48.7664
3      22      33.6345
3      23      134.851
3      24      15.0141
3      25      18.4371
3      26      28.3298
3      27      142.622
3      28      30.8731
3      29      145.949
3      30      44.3118
3      31      40.8968
3      32      43.8971
3      33      28.89
3      34      150.346
3      35      31.6703
3      36      159.872
3      37      95.24
3      38      135.562
3      39      118.161
3      40      98.5641
3      41      83.8609
3      42      88.2599
3      43      133.711
3      44      74.0172
3      45      110.452
3      46      95.0673
3      47      125.416
3      48      97.569
3      49      137.405
3      50      95.9141
3      51      95.4391
3      52      158.46
3      53      92.6081
3      54      121.476
3      55      161.992
3      56      116.837
3      57      99.1235
3      58      102.282
3      59      111.155
3      60      102.169
3      61      89.7483
3      62      156.017
3      63      124.542
3      64      123.758
3      65      105.243
3      66      54.0285
3      67      120.779
3      68      129.294
3      69      114.39
3      70      116.176
3      71      119.105
4      0      144.922
4      1      179.437
4      2      138.665
4      3      112.454
4      4      177.017
4      5      156.283
4      6      119.491
4      7      125.402
4      8      149.129
4      9      128.516
4      10      171.696
4      11      119.52
4      12      154.456
4      13      103.69
4      14      128.715
4      15      139.247
4      16      130.846
4      17      197.542
4      18      146.269
4      19      129.221
4      20      164.31
4      21      124.197
4      22      139.303
4      23      163.121
4      24      100.837
4      25      125.307
4      26      117.683
4      27      120.172
4      28      155.716
4      29      152.238
4      30      157.354
4      31      128.331
4      32      117.683
4      33      98.3608
4      34      88.9834
4      35      139.048
4      36      173.347
4      37      147.364
4      38      146.823
4      39      123.182
4      40      126.468
4      41      104.744
4      42      162.302
4      43      159.639
4      44      154.964
4      45      161.898
4      46      128.719
4      47      134.388
4      48      144.45
4      49      146.563
4      50      211.857
4      51      145.168
4      52      175.185
4      53      114.07
4      54      146.859
4      55      134.935
4      56      128.66
4      57      167.938
4      58      146.092
4      59      102.902
4      60      133.94
4      61      81.7619
4      62      134.432
4      63      159.576
4      64      120.402
4      65      149.321
4      66      114.786
4      67      98.0833
4      68      132.455
4      69      132.707
4      70      118.615
4      71      106.88
5      0      130.304
5      1      145.578
5      2      93.1972
5      3      133.819
5      4      129.058
5      5      98.554
5      6      127.108
5      7      98.4897
5      8      137.398
5      9      90.8865
5      10      120.934
5      11      90.8355
5      12      147.367
5      13      51.5605
5      14      67.0255
5      15      92.0762
5      16      124.083
5      17      124.927
5      18      94.7814
5      19      150.8
5      20      93.6488
5      21      133.679
5      22      97.7712
5      23      90.3761
5      24      80.707
5      25      104.226
5      26      114.732
5      27      153.425
5      28      111.325
5      29      132.203
5      30      91.5756
5      31      102.278
5      32      69.2832
5      33      81.5349
5      34      100.691
5      35      118.676
5      36      147.812
5      37      127.984
5      38      138.047
5      39      137.503
5      40      177.554
5      41      132.909
5      42      93.3392
5      43      120.311
5      44      159.109
5      45      144.186
5      46      128.485
5      47      132.632
5      48      129.346
5      49      129.288
5      50      172.105
5      51      150.892
5      52      116.682
5      53      153.781
5      54      120.462
5      55      104.629
5      56      142.576
5      57      140.379
5      58      145.516
5      59      124.869
5      60      128.325
5      61      93.2493
5      62      105.93
5      63      127.83
5      64      136.228
5      65      143.184
5      66      135.754
5      67      160.756
5      68      141.639
5      69      164.603
5      70      133.446
5      71      121.075
6      0      253.817
6      1      124.831
6      2      116.727
6      3      114.3
6      4      82.7578
6      5      138.519
6      6      169.243
6      7      172.265
6      8      88.6057
6      9      140.909
6      10      248.286
6      11      126.08
6      12      254.072
6      13      186.619
6      14      151.957
6      15      154.603
6      16      142.751
6      17      141.984
6      18      125.937
6      19      125.734
6      20      237.109
6      21      153.771
6      22      146.175
6      23      132.482
6      24      252.46
6      25      124.628
6      26      124.704
6      27      124.332
6      28      123.552
6      29      247.404
6      30      252.527
6      31      252.365
6      32      141.542
6      33      250.956
6      34      123.225
6      35      251.889
6      36      171.983
6      37      170.2
6      38      174.159
6      39      189.67
6      40      188.943
6      41      182.113
6      42      181.778
6      43      149.403
6      44      221.612
6      45      256.062
6      46      170.003
6      47      174.16
6      48      157.013
6      49      222.383
6      50      254.96
6      51      243.292
6      52      229.663
6      53      210.047
6      54      161.591
6      55      190.351
6      56      191.642
6      57      159.846
6      58      188.77
6      59      188.365
6      60      228.241
6      61      243.719
6      62      253.453
6      63      142.742
6      64      189.052
6      65      189.316
6      66      183.816
6      67      167.313
6      68      150.175
6      69      155.158
6      70      154.763
6      71      170.602
7      0      118.335
7      1      253.401
7      2      252.84
7      3      122.507
7      4      250.917
7      5      188.762
7      6      156.808
7      7      251.124
7      8      123.75
7      9      122.611
7      10      107.139
7      11      239.738
7      12      255.255
7      13      255.15
7      14      251.452
7      15      253.784
7      16      159.47
7      17      156.551
7      18      113.195
7      19      110.931
7      20      243.952
7      21      254.125
7      22      125.575
7      23      232.154
7      24      171.718
7      25      235.373
7      26      235.985
7      27      251.516
7      28      124.574
7      29      252.03
7      30      154.885
7      31      155.382
7      32      222.478
7      33      223.1
7      34      243.063
7      35      242.212
7      36      216.69
7      37      249.618
7      38      249.904
7      39      179.042
7      40      148.797
7      41      159.672
7      42      157.272
7      43      183.757
7      44      214.023
7      45      174.694
7      46      195.049
7      47      189.524
7      48      149.215
7      49      185.184
7      50      158.075
7      51      189.495
7      52      191.3
7      53      189.791
7      54      158.686
7      55      189.286
7      56      207.083
7      57      167.431
7      58      162.212
7      59      247.704
7      60      195.2
7      61      185.456
7      62      149.511
7      63      252.949
7      64      173.012
7      65      156.659
7      66      179.087
7      67      248.967
7      68      164.226
7      69      144.915
7      70      157.631
7      71      149.175
8      0      158.597
8      1      130.159
8      2      132.667
8      3      71.0715
8      4      122.898
8      5      115.8
8      6      129.649
8      7      116.796
8      8      144.156
8      9      106.71
8      10      138.428
8      11      151.061
8      12      126.526
8      13      128.531
8      14      142.692
8      15      118.282
8      16      129.557
8      17      162.912
8      18      141.616
8      19      163.939
8      20      126.295
8      21      169.78
8      22      143.551
8      23      94.4539
8      24      104.571
8      25      121.088
8      26      100.38
8      27      147.026
8      28      112.998
8      29      145.887
8      30      124.024
8      31      156.163
8      32      126.577
8      33      135.588
8      34      103.178
8      35      185.376
8      36      160.881
8      37      144.079
8      38      166.87
8      39      164.78
8      40      110.518
8      41      118.813
8      42      165.784
8      43      166.575
8      44      139.82
8      45      110.655
8      46      204.99
8      47      112.961
8      48      137.824
8      49      156.353
8      50      146.209
8      51      134.415
8      52      124.646
8      53      149.395
8      54      138.245
8      55      132.457
8      56      181.411
8      57      136.915
8      58      133.411
8      59      147.1
8      60      112.896
8      61      147.101
8      62      145.754
8      63      160.282
8      64      122.493
8      65      166.484
8      66      119.94
8      67      148.317
8      68      153.089
8      69      109.332
8      70      112.906
8      71      131.086
9      0      129.832
9      1      85.5429
9      2      149.463
9      3      97.4257
9      4      140.193
9      5      87.5707
9      6      88.7079
9      7      101.282
9      8      113.383
9      9      70.4713
9      10      130.024
9      11      119.815
9      12      116.667
9      13      114.671
9      14      134.784
9      15      123.572
9      16      114.688
9      17      129.025
9      18      122.301
9      19      120.284
9      20      127.318
9      21      103.015
9      22      100.736
9      23      132.002
9      24      82.9716
9      25      106.521
9      26      129.077
9      27      115.227
9      28      107.221
9      29      92.3794
9      30      93.972
9      31      137.554
9      32      108.013
9      33      106.713
9      34      127.788
9      35      130.174
9      36      150.526
9      37      139.765
9      38      157.767
9      39      159.871
9      40      222.468
9      41      132.91
9      42      102.72
9      43      144.865
9      44      166.884
9      45      116.562
9      46      158.113
9      47      113.038
9      48      124.698
9      49      136.604
9      50      185.146
9      51      149.635
9      52      170.936
9      53      154.999
9      54      135.801
9      55      182.622
9      56      138.803
9      57      123.552
9      58      142.959
9      59      160.343
9      60      147.511
9      61      114.108
9      62      121.395
9      63      129.708
9      64      162.546
9      65      119.797
9      66      150.017
9      67      158.12
9      68      118.591
9      69      161.274
9      70      156.68
9      71      131.405
10      0      164.291
10      1      160.305
10      2      176.832
10      3      145.599
10      4      179.14
10      5      183.93
10      6      197.571
10      7      132.433
10      8      140.916
10      9      133.774
10      10      136.779
10      11      166.033
10      12      159.134
10      13      147.869
10      14      169.345
10      15      162.526
10      16      124.45
10      17      178.783
10      18      132.38
10      19      156.001
10      20      177.864
10      21      161.054
10      22      129.605
10      23      178.657
10      24      159.285
10      25      182.349
10      26      141.844
10      27      146.99
10      28      153.221
10      29      162.303
10      30      148.566
10      31      163.354
10      32      162.123
10      33      163.003
10      34      133.515
10      35      154.43
10      36      164.526
10      37      161.41
10      38      160.827
10      39      154.428
10      40      152.341
10      41      107.07
10      42      140.86
10      43      153.119
10      44      132.889
10      45      94.6097
10      46      150.769
10      47      134.798
10      48      115.547
10      49      132.855
10      50      184.68
10      51      148.992
10      52      145.033
10      53      142.055
10      54      101.582
10      55      207.038
10      56      172.106
10      57      156.807
10      58      140.166
10      59      173.582
10      60      115.17
10      61      136.613
10      62      146.625
10      63      79.582
10      64      137.702
10      65      138.461
10      66      135.355
10      67      150.283
10      68      154.335
10      69      155.505
10      70      156.716
10      71      147.151
11      0      118.942
11      1      119.723
11      2      157.801
11      3      87.2664
11      4      188.88
11      5      142.172
11      6      165.675
11      7      135.379
11      8      177.348
11      9      124.048
11      10      78.8331
11      11      160.716
11      12      169.939
11      13      105.421
11      14      171.596
11      15      156.34
11      16      110.987
11      17      114.289
11      18      138.238
11      19      142.246
11      20      146.921
11      21      152.884
11      22      68.8664
11      23      147.786
11      24      97.3978
11      25      91.9122
11      26      133.773
11      27      110.286
11      28      139.592
11      29      132.746
11      30      114.607
11      31      139.521
11      32      115.168
11      33      80.5177
11      34      69.8078
11      35      147.711
11      36      199.393
11      37      179.757
11      38      164.421
11      39      130.868
11      40      186.683
11      41      165.793
11      42      136.139
11      43      202.896
11      44      207.782
11      45      178.281
11      46      204.037
11      47      146.344
11      48      153.434
11      49      155.726
11      50      175.62
11      51      168.632
11      52      204.8
11      53      173.058
11      54      163.184
11      55      191.047
11      56      195.936
11      57      146.677
11      58      186.16
11      59      206.409
11      60      203.883
11      61      147.86
11      62      118.3
11      63      116.439
11      64      143.112
11      65      183.117
11      66      178.019
11      67      159.054
11      68      197.211
11      69      147.664
11      70      183.169
11      71      123.237
12      0      136.352
12      1      126.891
12      2      106.358
12      3      152.017
12      4      136.492
12      5      125.258
12      6      91.4993
12      7      151.42
12      8      105.291
12      9      125.363
12      10      112.304
12      11      110.111
12      12      121.692
12      13      109.747
12      14      129.754
12      15      119.43
12      16      121.542
12      17      132.593
12      18      145.783
12      19      61.8674
12      20      143.092
12      21      92.722
12      22      138.865
12      23      63.4699
12      24      118.757
12      25      112.31
12      26      78.1839
12      27      123.951
12      28      152.742
12      29      125.943
12      30      97.0112
12      31      99.9502
12      32      90.615
12      33      108.401
12      34      150.615
12      35      138.933
12      36      111.441
12      37      107.244
12      38      142.566
12      39      108.929
12      40      142.405
12      41      158.222
12      42      132.694
12      43      138.257
12      44      130.091
12      45      145.534
12      46      118.946
12      47      133.013
12      48      151.255
12      49      181.477
12      50      117.37
12      51      166.639
12      52      161.088
12      53      129.662
12      54      107.89
12      55      149.349
12      56      146.524
12      57      198.383
12      58      151.127
12      59      164.46
12      60      123.601
12      61      141.76
12      62      146.109
12      63      129.584
12      64      150.377
12      65      119.687
12      66      124.07
12      67      112.366
12      68      89.4916
12      69      87.9808
12      70      144.972
12      71      134.459
13      0      207.622
13      1      132.554
13      2      151.414
13      3      92.8753
13      4      197.104
13      5      147.928
13      6      168.018
13      7      146.319
13      8      117.405
13      9      142.085
13      10      135.745
13      11      173.913
13      12      114.523
13      13      138.579
13      14      154.519
13      15      137.886
13      16      175.936
13      17      114.422
13      18      99.3314
13      19      205.184
13      20      161.721
13      21      110.36
13      22      125.011
13      23      113.804
13      24      168.635
13      25      114.854
13      26      153.395
13      27      84.7951
13      28      152.743
13      29      121.47
13      30      153.029
13      31      114.746
13      32      142.701
13      33      139.806
13      34      121.037
13      35      129.54
13      36      201.47
13      37      113.026
13      38      159.078
13      39      128.61
13      40      184.014
13      41      148.927
13      42      160.044
13      43      179.058
13      44      176.915
13      45      169.765
13      46      208.214
13      47      112.637
13      48      186.681
13      49      186.531
13      50      156.062
13      51      151.947
13      52      147.068
13      53      175.921
13      54      152.102
13      55      121.638
13      56      155.431
13      57      188.648
13      58      142.824
13      59      168.436
13      60      145.088
13      61      141.584
13      62      205.128
13      63      170.812
13      64      170.296
13      65      109.608
13      66      130.955
13      67      121.693
13      68      125.098
13      69      187.916
13      70      173.607
13      71      124.019
14      0      89.9227
14      1      115.479
14      2      118.565
14      3      82.7316
14      4      124.521
14      5      101.718
14      6      162.511
14      7      100.874
14      8      175.655
14      9      131.053
14      10      125.07
14      11      139.28
14      12      116.49
14      13      144.814
14      14      141.265
14      15      133.309
14      16      157.561
14      17      74.0128
14      18      114.535
14      19      98.4218
14      20      86.3016
14      21      122.887
14      22      79.6992
14      23      110.923
14      24      127.444
14      25      161.192
14      26      135.157
14      27      130.908
14      28      92.1998
14      29      130.359
14      30      127.717
14      31      97.7406
14      32      122.253
14      33      82.7624
14      34      111.497
14      35      156.128
14      36      143.068
14      37      189.683
14      38      143.798
14      39      187.232
14      40      157.992
14      41      150.23
14      42      140.668
14      43      145.918
14      44      180.041
14      45      158.268
14      46      179.678
14      47      147.086
14      48      135.4
14      49      205.756
14      50      164.039
14      51      197.722
14      52      155.794
14      53      136.934
14      54      140.65
14      55      188.737
14      56      172.285
14      57      170.23
14      58      131.66
14      59      166.01
14      60      149.296
14      61      163.345
14      62      195.482
14      63      191.421
14      64      193.555
14      65      168.791
14      66      170.353
14      67      189.193
14      68      169.432
14      69      201.238
14      70      156.85
14      71      129.191
15      0      162.64
15      1      135.931
15      2      105.701
15      3      94.9759
15      4      145.593
15      5      127.76
15      6      161.663
15      7      151.73
15      8      127.835
15      9      134.57
15      10      103.085
15      11      111.011
15      12      130.956
15      13      112.848
15      14      83.6534
15      15      157.509
15      16      127.326
15      17      155.173
15      18      105.192
15      19      92.1111
15      20      189.449
15      21      140.38
15      22      81.9086
15      23      158.111
15      24      151.683
15      25      144.491
15      26      132.882
15      27      133.735
15      28      118.787
15      29      187.432
15      30      122.372
15      31      125.108
15      32      102.74
15      33      131.281
15      34      131.687
15      35      117.783
15      36      199.624
15      37      110.683
15      38      128.683
15      39      141.563
15      40      181.604
15      41      165.64
15      42      151.714
15      43      148.346
15      44      159.085
15      45      187.952
15      46      173.367
15      47      169.056
15      48      110.792
15      49      157.985
15      50      113.132
15      51      136.249
15      52      201.987
15      53      152.839
15      54      93.5046
15      55      148.789
15      56      118.119
15      57      158.423
15      58      180.542
15      59      141.578
15      60      156.246
15      61      137.053
15      62      134.303
15      63      170.703
15      64      99.6203
15      65      134.605
15      66      157.637
15      67      140.087
15      68      179.14
15      69      127.968
15      70      131.083
15      71      132.627
16      0      150.021
16      1      165.22
16      2      199.559
16      3      147.917
16      4      174.008
16      5      169.548
16      6      145.936
16      7      98.0188
16      8      151.605
16      9      149.156
16      10      163.455
16      11      133.633
16      12      178.965
16      13      124.071
16      14      185.187
16      15      174.311
16      16      138.364
16      17      171.622
16      18      143.327
16      19      153.852
16      20      137.162
16      21      185.592
16      22      137.802
16      23      143.414
16      24      158.198
16      25      145.742
16      26      166.44
16      27      173.112
16      28      174.81
16      29      156.831
16      30      123.678
16      31      118.255
16      32      145.745
16      33      148.239
16      34      160.443
16      35      171.107
16      36      182.459
16      37      122.295
16      38      126.253
16      39      142.695
16      40      189.027
16      41      127.069
16      42      148.988
16      43      159.291
16      44      167.758
16      45      154.422
16      46      166.007
16      47      147.115
16      48      148.446
16      49      151.314
16      50      152.64
16      51      150.42
16      52      165.488
16      53      150.755
16      54      148.39
16      55      182.686
16      56      30.9324
16      57      195.401
16      58      108.517
16      59      124.919
16      60      197.269
16      61      171.058
16      62      119.5
16      63      129.59
16      64      156.209
16      65      122.033
16      66      159.105
16      67      163.046
16      68      132.737
16      69      127.414
16      70      83.1511
16      71      143.496
17      0      165.585
17      1      109.811
17      2      128.383
17      3      101.747
17      4      169.733
17      5      126.072
17      6      128.035
17      7      95.6494
17      8      158.143
17      9      169.871
17      10      100.52
17      11      116.398
17      12      138.318
17      13      134.261
17      14      181.763
17      15      120.052
17      16      139.29
17      17      135.59
17      18      100.782
17      19      168.051
17      20      139.296
17      21      113.244
17      22      66.2793
17      23      146.748
17      24      95.9652
17      25      145.904
17      26      140.845
17      27      106.64
17      28      124.404
17      29      127.382
17      30      114.182
17      31      103.307
17      32      122.236
17      33      120.132
17      34      108.008
17      35      139.93
17      36      171.36
17      37      160.233
17      38      137.464
17      39      156.543
17      40      176.845
17      41      149.23
17      42      164.355
17      43      176.292
17      44      150.899
17      45      184.157
17      46      167.549
17      47      163.49
17      48      188.314
17      49      164.039
17      50      163.663
17      51      155.58
17      52      149.957
17      53      154.994
17      54      136.886
17      55      183.969
17      56      133.109
17      57      133.998
17      58      156.604
17      59      173.232
17      60      160.131
17      61      130.829
17      62      177.45
17      63      173.013
17      64      159.549
17      65      121.269
17      66      105.185
17      67      135.05
17      68      154.452
17      69      107.062
17      70      164.21
17      71      125.416
