0      0      187.926
0      1      187.777
0      2      189.211
0      3      189.362
0      4      182.144
0      5      185.779
0      6      156.687
0      7      156.696
0      8      147.977
0      9      164.062
0      10      176.249
0      11      246.166
0      12      127.261
0      13      152.968
0      14      184.604
0      15      250.29
0      16      122.701
0      17      234.151
0      18      163.631
0      19      174.621
0      20      187.858
0      21      251.893
0      22      251.051
0      23      155.961
0      24      156.24
0      25      142.405
0      26      251.375
0      27      251.552
0      28      144.567
0      29      148.637
0      30      148.096
0      31      157.192
0      32      1022.2
0      33      764.557
0      34      233.048
0      35      233.603
0      36      143.374
0      37      246.486
0      38      232.752
0      39      180.894
0      40      182.193
0      41      174.345
0      42      240.83
0      43      248.635
0      44      185.014
0      45      155.935
0      46      199.645
0      47      240.501
0      48      208.445
0      49      223.259
0      50      195.025
0      51      211.83
0      52      148.923
0      53      152.049
0      54      180.052
0      55      187.154
0      56      153.154
0      57      217.872
0      58      181.635
0      59      178.679
0      60      157.967
0      61      140.119
0      62      159.465
0      63      106.732
0      64      142.474
0      65      140.824
0      66      122.585
0      67      155.178
0      68      160.745
0      69      167.232
0      70      181.119
0      71      147.69
1      0      132.904
1      1      111.778
1      2      143.077
1      3      105.072
1      4      149.556
1      5      99.2026
1      6      112.37
1      7      129.306
1      8      122.302
1      9      124.807
1      10      75.3402
1      11      109.287
1      12      154.961
1      13      149.835
1      14      185.345
1      15      106.459
1      16      170.653
1      17      153.052
1      18      173.762
1      19      121.451
1      20      111.079
1      21      135.266
1      22      126.166
1      23      122.694
1      24      130.631
1      25      115.309
1      26      111.125
1      27      124.01
1      28      138.12
1      29      115.687
1      30      131.006
1      31      151.183
1      32      102.716
1      33      131.959
1      34      122.84
1      35      151.882
1      36      114.816
1      37      104.681
1      38      124.796
1      39      108.568
1      40      186.828
1      41      97.1038
1      42      122.762
1      43      148.939
1      44      141.142
1      45      153.68
1      46      119.763
1      47      139.942
1      48      172.054
1      49      132.13
1      50      155.243
1      51      148.584
1      52      145.892
1      53      116.167
1      54      141.709
1      55      195.899
1      56      135.818
1      57      148.786
1      58      129.99
1      59      145.037
1      60      156.355
1      61      106.16
1      62      132.992
1      63      101.558
1      64      85.0166
1      65      147.277
1      66      93.686
1      67      101.781
1      68      136.536
1      69      137.435
1      70      143.301
1      71      131.824
2      0      125.193
2      1      162.72
2      2      101.131
2      3      114.45
2      4      177.987
2      5      137
2      6      127.45
2      7      93.8712
2      8      169.691
2      9      105.735
2      10      134.338
2      11      92.8433
2      12      107.692
2      13      91.6219
2      14      135.487
2      15      143.079
2      16      162.062
2      17      154.248
2      18      137.795
2      19      154.789
2      20      158.65
2      21      116.484
2      22      108.295
2      23      57.8686
2      24      127.231
2      25      95.8298
2      26      96.9775
2      27      90.4431
2      28      110.405
2      29      141.222
2      30      86.2707
2      31      145.673
2      32      75.8286
2      33      100.772
2      34      109.144
2      35      148.448
2      36      142.813
2      37      113.383
2      38      141.011
2      39      85.7955
2      40      140.637
2      41      101.534
2      42      128.311
2      43      144.685
2      44      88.8115
2      45      123.524
2      46      183.683
2      47      118.73
2      48      113.768
2      49      151.358
2      50      133.397
2      51      113.005
2      52      124.024
2      53      110.489
2      54      120.366
2      55      156.317
2      56      117.053
2      57      114.262
2      58      157.517
2      59      168.638
2      60      169.502
2      61      109.591
2      62      158.448
2      63      85.4617
2      64      140.161
2      65      118.993
2      66      147.791
2      67      114.25
2      68      78.8522
2      69      120.013
2      70      137.013
2      71      127.314
3      0      43.054
3      1      140.046
3      2      146.007
3      3      53.7019
3      4      132.732
3      5      55.2964
3      6      33.8566
3      7      127.847
3      8      175.493
3      9      9.34774
3      10      127.092
3      11      156.691
3      12      157.79
3      13      59.1787
3      14      160.705
3      15      32.9804
3      16      169.568
3      17      56.8182
3      18      130.341
3      19      155.467
3      20      22.9208
3      21      49.0585
3      22      33.1893
3      23      135.146
3      24      15.2951
3      25      17.9555
3      26      27.7565
3      27      142.241
3      28      30.4863
3      29      146.382
3      30      43.4038
3      31      40.4195
3      32      42.9448
3      33      28.3483
3      34      149.624
3      35      31.3988
3      36      161.541
3      37      94.8714
3      38      135.96
3      39      117.757
3      40      99.115
3      41      83.4265
3      42      88.2599
3      43      133.694
3      44      74.8372
3      45      110.751
3      46      94.9942
3      47      125.609
3      48      97.473
3      49      137.893
3      50      96.09
3      51      95.4457
3      52      160.1
3      53      92.5507
3      54      121.593
3      55      163.427
3      56      116.852
3      57      99.2858
3      58      101.997
3      59      111.247
3      60      101.622
3      61      89.7026
3      62      156.403
3      63      124.194
3      64      123.462
3      65      105.687
3      66      53.5459
3      67      120.346
3      68      128.717
3      69      113.945
3      70      115.449
3      71      118.408
4      0      144.794
4      1      179.375
4      2      138.749
4      3      112.308
4      4      177.364
4      5      156.231
4      6      119.587
4      7      125.333
4      8      149.192
4      9      128.412
4      10      171.536
4      11      119.431
4      12      154.517
4      13      103.488
4      14      128.832
4      15      139.107
4      16      131.069
4      17      197.6
4      18      146.297
4      19      129.333
4      20      164.425
4      21      124.333
4      22      139.289
4      23      163.151
4      24      99.9623
4      25      125.138
4      26      117.579
4      27      120.575
4      28      155.885
4      29      152.274
4      30      157.401
4      31      128.224
4      32      117.581
4      33      98.2905
4      34      88.9063
4      35      139.215
4      36      173.574
4      37      147.352
4      38      146.816
4      39      123.173
4      40      126.504
4      41      104.751
4      42      162.364
4      43      159.613
4      44      154.999
4      45      162.004
4      46      128.64
4      47      134.269
4      48      144.346
4      49      146.637
4      50      212.117
4      51      144.81
4      52      175.312
4      53      114.354
4      54      146.9
4      55      134.964
4      56      128.649
4      57      168.063
4      58      146.012
4      59      102.834
4      60      134.057
4      61      81.6249
4      62      134.505
4      63      159.489
4      64      120.487
4      65      149.295
4      66      114.71
4      67      98.021
4      68      132.446
4      69      132.673
4      70      118.469
4      71      106.743
5      0      130.069
5      1      145.485
5      2      93.1464
5      3      133.494
5      4      129.318
5      5      98.5556
5      6      127.306
5      7      98.4413
5      8      137.797
5      9      90.8067
5      10      120.692
5      11      90.8552
5      12      147.63
5      13      51.4745
5      14      67.2099
5      15      92.1472
5      16      124.323
5      17      125.354
5      18      94.7647
5      19      151.199
5      20      93.7197
5      21      133.986
5      22      97.8045
5      23      90.4437
5      24      80.5722
5      25      103.945
5      26      114.493
5      27      153.393
5      28      111.35
5      29      132.327
5      30      91.6317
5      31      102.168
5      32      68.9641
5      33      81.4233
5      34      100.476
5      35      118.838
5      36      148.039
5      37      127.863
5      38      137.839
5      39      137.398
5      40      177.533
5      41      132.695
5      42      93.2664
5      43      120.338
5      44      159.314
5      45      144.368
5      46      128.731
5      47      132.649
5      48      129.147
5      49      129.516
5      50      172.447
5      51      150.804
5      52      116.692
5      53      153.802
5      54      120.376
5      55      104.564
5      56      142.752
5      57      140.56
5      58      145.468
5      59      124.873
5      60      128.267
5      61      93.0611
5      62      105.989
5      63      127.806
5      64      136.231
5      65      143.168
5      66      135.686
5      67      160.589
5      68      141.645
5      69      164.765
5      70      133.369
5      71      121.139
6      0      253.755
6      1      124.747
6      2      116.629
6      3      114.17
6      4      82.5599
6      5      138.607
6      6      169.363
6      7      172.538
6      8      88.4769
6      9      141.205
6      10      248.038
6      11      126.081
6      12      254.042
6      13      186.632
6      14      152.471
6      15      154.364
6      16      143.022
6      17      142.071
6      18      125.857
6      19      125.671
6      20      237.114
6      21      153.74
6      22      146.577
6      23      132.499
6      24      252.409
6      25      124.586
6      26      124.714
6      27      124.305
6      28      123.532
6      29      247.548
6      30      252.484
6      31      252.326
6      32      141.532
6      33      250.896
6      34      123.196
6      35      251.736
6      36      172.081
6      37      170.361
6      38      174.148
6      39      189.645
6      40      188.97
6      41      182.094
6      42      181.78
6      43      149.392
6      44      221.804
6      45      256.102
6      46      169.941
6      47      174.127
6      48      156.951
6      49      222.448
6      50      255.014
6      51      243.345
6      52      229.497
6      53      210.103
6      54      161.502
6      55      190.458
6      56      191.586
6      57      159.841
6      58      188.629
6      59      188.267
6      60      228.269
6      61      243.53
6      62      253.43
6      63      142.746
6      64      189.024
6      65      189.335
6      66      183.854
6      67      167.294
6      68      150.011
6      69      155.328
6      70      154.862
6      71      170.622
7      0      118.264
7      1      253.405
7      2      252.758
7      3      122.158
7      4      250.887
7      5      188.78
7      6      156.858
7      7      251.079
7      8      123.657
7      9      122.506
7      10      106.964
7      11      239.691
7      12      255.257
7      13      255.172
7      14      251.621
7      15      253.712
7      16      159.627
7      17      156.698
7      18      113.069
7      19      111.12
7      20      244.114
7      21      254.207
7      22      125.649
7      23      234.673
7      24      171.974
7      25      235.71
7      26      236.021
7      27      251.494
7      28      125.021
7      29      252.464
7      30      154.961
7      31      155.114
7      32      222.31
7      33      222.935
7      34      242.891
7      35      242.102
7      36      216.954
7      37      249.595
7      38      249.81
7      39      178.958
7      40      148.879
7      41      159.797
7      42      157.284
7      43      183.651
7      44      214.19
7      45      174.893
7      46      195.264
7      47      189.584
7      48      148.999
7      49      185.209
7      50      158.193
7      51      189.528
7      52      191.531
7      53      189.99
7      54      158.896
7      55      189.354
7      56      207.298
7      57      167.464
7      58      162.023
7      59      247.642
7      60      195.228
7      61      185.189
7      62      149.469
7      63      253.006
7      64      173.024
7      65      156.696
7      66      179.017
7      67      248.831
7      68      164.323
7      69      144.786
7      70      157.55
7      71      148.973
8      0      158.416
8      1      130.048
8      2      132.546
8      3      70.872
8      4      123.033
8      5      115.722
8      6      129.666
8      7      116.692
8      8      144.314
8      9      106.518
8      10      138.231
8      11      150.928
8      12      126.38
8      13      128.246
8      14      142.966
8      15      118.258
8      16      129.927
8      17      163.074
8      18      141.773
8      19      164.181
8      20      126.561
8      21      170.586
8      22      143.582
8      23      94.7221
8      24      104.698
8      25      121.102
8      26      100.328
8      27      146.886
8      28      113.043
8      29      145.933
8      30      123.883
8      31      156.039
8      32      126.392
8      33      135.414
8      34      102.971
8      35      185.428
8      36      160.962
8      37      143.941
8      38      166.93
8      39      164.755
8      40      110.644
8      41      118.683
8      42      165.875
8      43      166.522
8      44      139.827
8      45      110.666
8      46      205.153
8      47      112.494
8      48      137.684
8      49      156.428
8      50      146.481
8      51      134.344
8      52      124.675
8      53      149.484
8      54      138.419
8      55      132.517
8      56      181.372
8      57      137.203
8      58      133.338
8      59      147.225
8      60      112.893
8      61      147.001
8      62      145.681
8      63      160.28
8      64      122.397
8      65      166.382
8      66      119.998
8      67      148.296
8      68      153.072
8      69      109.5
8      70      112.829
8      71      130.981
9      0      129.694
9      1      85.522
9      2      149.356
9      3      97.1834
9      4      140.594
9      5      87.4294
9      6      88.6079
9      7      101.178
9      8      113.287
9      9      70.2378
9      10      129.897
9      11      119.386
9      12      117.096
9      13      114.718
9      14      135.054
9      15      123.619
9      16      114.758
9      17      129.033
9      18      122.458
9      19      120.61
9      20      127.402
9      21      104.59
9      22      100.779
9      23      132.383
9      24      82.9754
9      25      106.406
9      26      128.993
9      27      115.076
9      28      107.261
9      29      92.216
9      30      93.8441
9      31      137.418
9      32      107.974
9      33      106.546
9      34      127.688
9      35      130.301
9      36      150.625
9      37      139.807
9      38      157.503
9      39      159.797
9      40      222.681
9      41      132.747
9      42      102.645
9      43      144.94
9      44      167.001
9      45      116.573
9      46      158.155
9      47      112.998
9      48      124.449
9      49      136.625
9      50      185.359
9      51      149.521
9      52      171.038
9      53      155.124
9      54      135.857
9      55      182.931
9      56      138.883
9      57      123.526
9      58      142.886
9      59      160.564
9      60      147.9
9      61      113.909
9      62      121.433
9      63      129.469
9      64      162.532
9      65      119.486
9      66      149.978
9      67      157.991
9      68      118.587
9      69      161.3
9      70      156.771
9      71      131.35
10      0      164.845
10      1      159.139
10      2      176.824
10      3      143.717
10      4      180.896
10      5      183.456
10      6      198.566
10      7      130.225
10      8      140.855
10      9      132.611
10      10      136.067
10      11      165.811
10      12      159.907
10      13      147.171
10      14      172.36
10      15      163.22
10      16      126.02
10      17      181.084
10      18      132.387
10      19      158.39
10      20      179.672
10      21      163.846
10      22      129.082
10      23      180.6
10      24      160.383
10      25      182.043
10      26      140.36
10      27      145.691
10      28      152.776
10      29      162.863
10      30      146.535
10      31      162.364
10      32      160.288
10      33      161.898
10      34      131.078
10      35      154.901
10      36      166.603
10      37      160.878
10      38      160.787
10      39      153.534
10      40      154.404
10      41      105.849
10      42      140.615
10      43      152.315
10      44      133.135
10      45      95.0651
10      46      151.304
10      47      134.297
10      48      115.233
10      49      132.933
10      50      187.057
10      51      148.738
10      52      146.174
10      53      142.006
10      54      101.336
10      55      209.461
10      56      173.311
10      57      157.589
10      58      139.798
10      59      174.639
10      60      114.524
10      61      137.032
10      62      145.954
10      63      78.7147
10      64      136.973
10      65      139.881
10      66      134.229
10      67      149.873
10      68      153.563
10      69      155.597
10      70      155.776
10      71      146.031
11      0      119.209
11      1      118.603
11      2      157.869
11      3      86.946
11      4      190.136
11      5      141.57
11      6      165.668
11      7      135.09
11      8      177.494
11      9      124.222
11      10      78.5736
11      11      161.121
11      12      170.58
11      13      105.384
11      14      173.254
11      15      156.788
11      16      111.241
11      17      113.829
11      18      138.52
11      19      142.38
11      20      147.159
11      21      153.325
11      22      68.8188
11      23      147.436
11      24      96.8637
11      25      91.8491
11      26      133.667
11      27      109.876
11      28      139.989
11      29      132.402
11      30      113.975
11      31      139.367
11      32      114.597
11      33      80.1335
11      34      68.9653
11      35      147.756
11      36      200.656
11      37      179.739
11      38      164.649
11      39      130.429
11      40      187.113
11      41      165.8
11      42      136.248
11      43      202.372
11      44      208.753
11      45      178.021
11      46      204.577
11      47      146.253
11      48      153.346
11      49      155.094
11      50      175.093
11      51      169.064
11      52      206.516
11      53      173.432
11      54      163.187
11      55      191.353
11      56      195.738
11      57      146.62
11      58      186.265
11      59      207.176
11      60      203.73
11      61      148.203
11      62      118.116
11      63      116.167
11      64      142.71
11      65      183.566
11      66      176.895
11      67      158.645
11      68      196.815
11      69      146.843
11      70      182.617
11      71      122.526
12      0      136.516
12      1      126.817
12      2      106.42
12      3      151.85
12      4      136.608
12      5      125.158
12      6      91.6047
12      7      151.381
12      8      105.4
12      9      125.261
12      10      112.326
12      11      110.121
12      12      122.033
12      13      109.625
12      14      130.089
12      15      119.442
12      16      121.732
12      17      132.873
12      18      145.99
12      19      61.9352
12      20      143.135
12      21      92.5804
12      22      139.122
12      23      63.4651
12      24      118.748
12      25      112.135
12      26      77.9062
12      27      123.804
12      28      152.843
12      29      126.016
12      30      96.8637
12      31      99.8948
12      32      90.4653
12      33      108.23
12      34      150.462
12      35      138.995
12      36      111.448
12      37      107.29
12      38      142.654
12      39      108.868
12      40      142.269
12      41      158.154
12      42      132.636
12      43      138.19
12      44      130.303
12      45      145.569
12      46      119.013
12      47      133.031
12      48      151.319
12      49      181.683
12      50      117.485
12      51      166.626
12      52      161.243
12      53      129.81
12      54      107.867
12      55      149.37
12      56      146.515
12      57      198.608
12      58      151.181
12      59      164.608
12      60      123.597
12      61      141.422
12      62      146.093
12      63      129.529
12      64      150.394
12      65      119.605
12      66      123.976
12      67      112.283
12      68      89.3136
12      69      87.9641
12      70      144.849
12      71      134.359
13      0      208.848
13      1      131.504
13      2      151.047
13      3      92.3694
13      4      198.451
13      5      146.952
13      6      168.026
13      7      145.831
13      8      117.032
13      9      142.417
13      10      135.598
13      11      173.99
13      12      115.459
13      13      138.857
13      14      155.161
13      15      137.711
13      16      177.043
13      17      114.159
13      18      99.4608
13      19      207.36
13      20      162.264
13      21      110.646
13      22      125.051
13      23      113.407
13      24      168.824
13      25      114.973
13      26      153.118
13      27      84.1
13      28      152.721
13      29      121.118
13      30      152.381
13      31      114.577
13      32      141.963
13      33      139.588
13      34      120.321
13      35      128.822
13      36      202.734
13      37      112.753
13      38      159.471
13      39      128.368
13      40      184.709
13      41      148.766
13      42      160.362
13      43      178.308
13      44      176.71
13      45      169.448
13      46      209.016
13      47      112.64
13      48      187.192
13      49      186.797
13      50      155.507
13      51      152.113
13      52      146.959
13      53      176.16
13      54      151.969
13      55      122.627
13      56      154.847
13      57      189.432
13      58      142.579
13      59      168.927
13      60      144.373
13      61      141.859
13      62      205.034
13      63      170.438
13      64      170.106
13      65      109.626
13      66      130.206
13      67      121.24
13      68      124.605
13      69      187.457
13      70      173.08
13      71      123.756
14      0      89.7464
14      1      115.443
14      2      118.234
14      3      82.6662
14      4      124.767
14      5      101.688
14      6      162.492
14      7      100.814
14      8      175.709
14      9      131.045
14      10      124.834
14      11      139.16
14      12      116.458
14      13      144.853
14      14      141.46
14      15      133.287
14      16      157.932
14      17      74.2155
14      18      114.509
14      19      98.5726
14      20      86.4416
14      21      122.808
14      22      79.6623
14      23      111.025
14      24      127.505
14      25      161.25
14      26      135.266
14      27      130.7
14      28      92.1491
14      29      130.486
14      30      127.518
14      31      97.7062
14      32      122.125
14      33      82.7197
14      34      111.524
14      35      156.397
14      36      143.049
14      37      189.713
14      38      143.769
14      39      187.253
14      40      158.032
14      41      150.126
14      42      140.7
14      43      145.877
14      44      180.146
14      45      158.444
14      46      179.747
14      47      146.924
14      48      135.221
14      49      205.74
14      50      164.183
14      51      197.465
14      52      156.184
14      53      136.955
14      54      140.764
14      55      188.914
14      56      172.483
14      57      169.785
14      58      131.712
14      59      166.074
14      60      149.349
14      61      163.072
14      62      195.494
14      63      191.268
14      64      193.664
14      65      168.706
14      66      170.539
14      67      189.166
14      68      169.293
14      69      201.307
14      70      156.833
14      71      129.157
15      0      162.617
15      1      135.957
15      2      105.65
15      3      94.9162
15      4      145.674
15      5      127.681
15      6      161.771
15      7      151.557
15      8      128.027
15      9      134.494
15      10      102.933
15      11      111.111
15      12      130.938
15      13      112.832
15      14      83.7803
15      15      157.734
15      16      127.427
15      17      155.413
15      18      105.209
15      19      92.1796
15      20      189.419
15      21      140.585
15      22      81.7678
15      23      158.264
15      24      151.895
15      25      144.084
15      26      132.826
15      27      133.728
15      28      118.823
15      29      187.466
15      30      122.263
15      31      124.985
15      32      102.601
15      33      131.171
15      34      131.581
15      35      117.885
15      36      199.726
15      37      110.695
15      38      128.715
15      39      141.524
15      40      181.726
15      41      165.524
15      42      151.855
15      43      148.372
15      44      159.108
15      45      188.025
15      46      173.424
15      47      169.136
15      48      110.595
15      49      158.387
15      50      113.175
15      51      136.267
15      52      202.136
15      53      152.786
15      54      93.5516
15      55      148.855
15      56      118.05
15      57      158.587
15      58      180.47
15      59      141.597
15      60      156.257
15      61      136.91
15      62      134.217
15      63      170.678
15      64      99.7356
15      65      134.394
15      66      157.592
15      67      139.905
15      68      179.21
15      69      127.833
15      70      131.002
15      71      132.468
16      0      150.994
16      1      164.434
16      2      199.773
16      3      147.598
16      4      174.275
16      5      168.843
16      6      145.675
16      7      97.3511
16      8      151.158
16      9      149.351
16      10      163.75
16      11      132.942
16      12      179.086
16      13      123.901
16      14      186.504
16      15      174.32
16      16      138.431
16      17      172.379
16      18      143.139
16      19      154.27
16      20      137.009
16      21      186.819
16      22      137.712
16      23      143.41
16      24      158.467
16      25      146.112
16      26      166.371
16      27      173.127
16      28      174.954
16      29      156.91
16      30      122.869
16      31      117.817
16      32      145
16      33      148.05
16      34      159.89
16      35      171.262
16      36      183.661
16      37      122.105
16      38      126.631
16      39      142.484
16      40      190.047
16      41      126.83
16      42      149.476
16      43      158.766
16      44      168.171
16      45      154.217
16      46      166.023
16      47      147.48
16      48      148.598
16      49      150.994
16      50      152.347
16      51      150.757
16      52      166.676
16      53      150.891
16      54      148.346
16      55      183.136
16      56      30.6696
16      57      195.839
16      58      108.351
16      59      124.817
16      60      197.449
16      61      171.484
16      62      119.213
16      63      129.033
16      64      156.021
16      65      122.453
16      66      158.185
16      67      162.864
16      68      132.143
16      69      126.687
16      70      82.7612
16      71      142.853
17      0      165.606
17      1      109.817
17      2      128.27
17      3      101.65
17      4      169.811
17      5      126.125
17      6      128.076
17      7      95.6349
17      8      158.407
17      9      169.927
17      10      100.342
17      11      116.435
17      12      138.295
17      13      134.28
17      14      182.059
17      15      120.043
17      16      139.461
17      17      135.759
17      18      100.983
17      19      168.236
17      20      139.391
17      21      113.403
17      22      66.0304
17      23      146.876
17      24      96.1621
17      25      145.75
17      26      140.702
17      27      106.494
17      28      124.17
17      29      127.41
17      30      114.033
17      31      103.262
17      32      122.125
17      33      119.875
17      34      107.907
17      35      140.043
17      36      171.492
17      37      160.2
17      38      137.455
17      39      156.497
17      40      177.051
17      41      149.297
17      42      164.199
17      43      176.365
17      44      151.226
17      45      184.192
17      46      167.707
17      47      163.41
17      48      188.111
17      49      164.067
17      50      163.797
17      51      155.68
17      52      150.073
17      53      155.037
17      54      136.993
17      55      184.339
17      56      133.001
17      57      133.992
17      58      156.554
17      59      173.267
17      60      160.157
17      61      130.702
17      62      177.519
17      63      172.873
17      64      159.551
17      65      121.214
17      66      105.153
17      67      134.977
17      68      154.291
17      69      107.203
17      70      164.213
17      71      125.555
