0      0      187.332
0      1      187.452
0      2      189.607
0      3      189.744
0      4      181.415
0      5      187.488
0      6      157.393
0      7      157.132
0      8      148.547
0      9      164.692
0      10      176.631
0      11      248.895
0      12      127.683
0      13      152.867
0      14      158.383
0      15      249.899
0      16      122.629
0      17      232.203
0      18      254.278
0      19      173.556
0      20      187.985
0      21      252.188
0      22      251.222
0      23      156.029
0      24      156.346
0      25      142.982
0      26      251.594
0      27      251.912
0      28      144.527
0      29      148.441
0      30      147.771
0      31      157.402
0      32      1022.42
0      33      764.814
0      34      233.201
0      35      233.979
0      36      143.142
0      37      246.068
0      38      232.204
0      39      180.794
0      40      182.016
0      41      174.782
0      42      240.465
0      43      249.309
0      44      185.014
0      45      155.967
0      46      198.916
0      47      239.728
0      48      207.357
0      49      223.075
0      50      194.776
0      51      211.16
0      52      148.353
0      53      151.957
0      54      179.514
0      55      186.298
0      56      153.238
0      57      220.304
0      58      181.056
0      59      178.035
0      60      158.366
0      61      139.972
0      62      159.883
0      63      107.199
0      64      143.277
0      65      140.684
0      66      123.085
0      67      154.897
0      68      161.077
0      69      167.863
0      70      181.696
0      71      148.066
1      0      132.061
1      1      112.857
1      2      143.199
1      3      105.881
1      4      149.534
1      5      100.111
1      6      112.93
1      7      129.662
1      8      122.623
1      9      124.747
1      10      75.6857
1      11      110.094
1      12      154.16
1      13      149.577
1      14      181.811
1      15      107.138
1      16      167.348
1      17      151.974
1      18      173.072
1      19      120.605
1      20      111.407
1      21      134.425
1      22      125.82
1      23      122.859
1      24      130.758
1      25      115.42
1      26      111.633
1      27      124.396
1      28      138.046
1      29      116.023
1      30      131.699
1      31      151.276
1      32      103.928
1      33      132.094
1      34      123.729
1      35      151.971
1      36      114.631
1      37      104.973
1      38      124.278
1      39      108.883
1      40      185.193
1      41      97.3983
1      42      122.32
1      43      149.675
1      44      141.259
1      45      153.91
1      46      119.874
1      47      139.61
1      48      171.087
1      49      132.805
1      50      154.458
1      51      148.039
1      52      143.938
1      53      116.173
1      54      141.397
1      55      194.339
1      56      136.318
1      57      148.433
1      58      129.998
1      59      144.669
1      60      156.336
1      61      105.974
1      62      133.931
1      63      102.153
1      64      85.7299
1      65      145.586
1      66      94.1389
1      67      102.388
1      68      137.19
1      69      138.363
1      70      143.771
1      71      132.667
2      0      124.325
2      1      163.225
2      2      102.06
2      3      114.95
2      4      175.868
2      5      137.749
2      6      127.524
2      7      94.8414
2      8      168.534
2      9      106.133
2      10      134.581
2      11      93.0204
2      12      108.016
2      13      92.1522
2      14      133.323
2      15      142.992
2      16      159.502
2      17      153.081
2      18      137.588
2      19      152.458
2      20      158.043
2      21      116.032
2      22      108.49
2      23      56.8346
2      24      127.074
2      25      96.2837
2      26      97.9403
2      27      91.3823
2      28      110.674
2      29      141.037
2      30      87.5201
2      31      145.947
2      32      77.0249
2      33      101.654
2      34      110.422
2      35      148.215
2      36      142.124
2      37      113.739
2      38      140.881
2      39      86.1902
2      40      140.153
2      41      102.018
2      42      128.237
2      43      145.122
2      44      87.9652
2      45      123.66
2      46      182.083
2      47      119.282
2      48      113.707
2      49      151.09
2      50      132.95
2      51      112.904
2      52      123.558
2      53      110.521
2      54      120.35
2      55      155.288
2      56      117.402
2      57      113.476
2      58      157.393
2      59      167.85
2      60      169.196
2      61      109.466
2      62      158.259
2      63      86.098
2      64      140.409
2      65      118.737
2      66      148.63
2      67      114.733
2      68      79.9099
2      69      120.747
2      70      137.715
2      71      127.804
3      0      42.9627
3      1      140.747
3      2      146.152
3      3      54.3552
3      4      132.492
3      5      55.8743
3      6      33.7171
3      7      128.401
3      8      174.086
3      9      9.80753
3      10      127.202
3      11      156.464
3      12      156.983
3      13      59.5298
3      14      158.596
3      15      33.5192
3      16      167.295
3      17      57.0089
3      18      129.984
3      19      153.045
3      20      22.3294
3      21      48.3365
3      22      33.5319
3      23      134.36
3      24      14.9188
3      25      18.2953
3      26      28.3378
3      27      142.791
3      28      30.9497
3      29      146.042
3      30      44.4515
3      31      40.972
3      32      43.9309
3      33      28.9529
3      34      150.411
3      35      31.681
3      36      159.763
3      37      95.341
3      38      135.553
3      39      118.143
3      40      98.4074
3      41      83.8417
3      42      88.2064
3      43      133.75
3      44      74.0648
3      45      110.594
3      46      95.1296
3      47      125.515
3      48      97.5246
3      49      137.373
3      50      95.9716
3      51      95.4108
3      52      158.467
3      53      92.6018
3      54      121.512
3      55      161.842
3      56      116.78
3      57      99.2094
3      58      102.271
3      59      111.22
3      60      102.016
3      61      89.7497
3      62      155.952
3      63      124.501
3      64      123.815
3      65      105.265
3      66      54.0261
3      67      120.801
3      68      129.266
3      69      114.47
3      70      116.19
3      71      119.061
4      0      144.9
4      1      179.312
4      2      138.675
4      3      112.593
4      4      176.769
4      5      156.276
4      6      119.461
4      7      125.434
4      8      149.054
4      9      128.49
4      10      171.738
4      11      119.496
4      12      154.463
4      13      103.64
4      14      128.64
4      15      139.201
4      16      130.79
4      17      197.608
4      18      146.478
4      19      129.282
4      20      164.266
4      21      124.376
4      22      139.366
4      23      163.101
4      24      100.803
4      25      125.343
4      26      117.681
4      27      120.183
4      28      155.714
4      29      152.181
4      30      157.442
4      31      128.347
4      32      117.594
4      33      98.4453
4      34      89.02
4      35      139.061
4      36      173.342
4      37      147.449
4      38      146.74
4      39      123.202
4      40      126.423
4      41      104.704
4      42      162.331
4      43      159.723
4      44      154.845
4      45      161.732
4      46      128.813
4      47      134.371
4      48      144.408
4      49      146.54
4      50      211.699
4      51      145.216
4      52      175.054
4      53      114.167
4      54      146.733
4      55      134.933
4      56      128.651
4      57      167.944
4      58      145.93
4      59      103.021
4      60      133.919
4      61      81.8501
4      62      134.347
4      63      159.501
4      64      120.508
4      65      149.461
4      66      114.795
4      67      98.0807
4      68      132.542
4      69      132.688
4      70      118.613
4      71      107.102
5      0      130.391
5      1      145.501
5      2      93.3051
5      3      133.794
5      4      129.03
5      5      98.5586
5      6      127.125
5      7      98.5338
5      8      137.567
5      9      90.9729
5      10      120.984
5      11      90.8093
5      12      147.269
5      13      51.6279
5      14      66.9395
5      15      92.0063
5      16      124.037
5      17      124.935
5      18      94.6556
5      19      150.703
5      20      93.7136
5      21      133.519
5      22      98.0552
5      23      90.2828
5      24      80.5707
5      25      104.294
5      26      114.7
5      27      153.486
5      28      111.262
5      29      132.167
5      30      91.738
5      31      102.321
5      32      69.2382
5      33      81.5651
5      34      100.675
5      35      118.56
5      36      147.838
5      37      127.944
5      38      137.933
5      39      137.624
5      40      177.545
5      41      132.942
5      42      93.1406
5      43      120.221
5      44      159.035
5      45      144.105
5      46      128.369
5      47      132.705
5      48      129.387
5      49      129.213
5      50      172.06
5      51      150.941
5      52      116.565
5      53      153.793
5      54      120.407
5      55      104.549
5      56      142.589
5      57      140.379
5      58      145.528
5      59      125.034
5      60      128.282
5      61      93.3745
5      62      106.021
5      63      127.85
5      64      136.184
5      65      143.374
5      66      135.798
5      67      160.722
5      68      141.658
5      69      164.568
5      70      133.467
5      71      121.182
6      0      253.843
6      1      124.851
6      2      116.811
6      3      114.26
6      4      82.8189
6      5      138.494
6      6      169.211
6      7      172.31
6      8      88.6661
6      9      140.835
6      10      248.324
6      11      126.096
6      12      254.117
6      13      186.542
6      14      151.388
6      15      154.396
6      16      142.809
6      17      141.904
6      18      125.967
6      19      125.763
6      20      237.114
6      21      153.807
6      22      146.298
6      23      132.423
6      24      252.446
6      25      124.611
6      26      124.828
6      27      124.453
6      28      123.603
6      29      247.414
6      30      252.513
6      31      252.36
6      32      141.577
6      33      251.767
6      34      123.208
6      35      251.704
6      36      171.906
6      37      170.124
6      38      174.127
6      39      189.64
6      40      188.959
6      41      182.041
6      42      181.798
6      43      149.443
6      44      221.565
6      45      256.042
6      46      169.916
6      47      174.204
6      48      157.023
6      49      222.317
6      50      254.935
6      51      243.266
6      52      229.622
6      53      209.993
6      54      161.496
6      55      190.312
6      56      191.671
6      57      159.876
6      58      188.757
6      59      188.348
6      60      228.268
6      61      243.838
6      62      253.562
6      63      142.846
6      64      188.986
6      65      189.284
6      66      183.853
6      67      167.345
6      68      150.301
6      69      155.197
6      70      154.786
6      71      170.617
7      0      118.333
7      1      253.348
7      2      252.78
7      3      122.566
7      4      250.87
7      5      188.68
7      6      156.768
7      7      251.154
7      8      123.756
7      9      122.553
7      10      107.166
7      11      239.71
7      12      255.211
7      13      255.102
7      14      251.416
7      15      253.758
7      16      159.464
7      17      156.555
7      18      113.077
7      19      110.939
7      20      243.931
7      21      254.086
7      22      125.525
7      23      234.326
7      24      171.771
7      25      235.409
7      26      236.133
7      27      251.676
7      28      124.486
7      29      251.964
7      30      154.786
7      31      155.316
7      32      222.419
7      33      222.965
7      34      243.166
7      35      242.316
7      36      216.692
7      37      249.616
7      38      249.837
7      39      178.942
7      40      148.798
7      41      159.707
7      42      157.238
7      43      183.866
7      44      213.946
7      45      174.489
7      46      194.99
7      47      189.572
7      48      149.287
7      49      185.149
7      50      157.95
7      51      189.405
7      52      191.21
7      53      189.765
7      54      158.607
7      55      189.171
7      56      207.095
7      57      167.321
7      58      162.225
7      59      247.684
7      60      195.235
7      61      185.516
7      62      149.447
7      63      252.962
7      64      172.931
7      65      156.707
7      66      179.138
7      67      248.967
7      68      164.284
7      69      144.842
7      70      157.592
7      71      149.193
8      0      158.646
8      1      130.074
8      2      132.726
8      3      71.1175
8      4      122.816
8      5      115.717
8      6      129.604
8      7      116.786
8      8      144.091
8      9      106.751
8      10      138.547
8      11      151.118
8      12      126.46
8      13      128.493
8      14      142.603
8      15      118.248
8      16      129.584
8      17      162.879
8      18      141.596
8      19      163.801
8      20      126.386
8      21      169.751
8      22      143.635
8      23      94.538
8      24      104.588
8      25      121.143
8      26      100.466
8      27      147.069
8      28      113.007
8      29      145.911
8      30      124.079
8      31      156.206
8      32      126.55
8      33      135.555
8      34      103.208
8      35      185.28
8      36      160.801
8      37      144.101
8      38      166.879
8      39      164.775
8      40      110.351
8      41      118.812
8      42      165.795
8      43      166.893
8      44      139.655
8      45      110.657
8      46      204.952
8      47      112.926
8      48      137.903
8      49      156.307
8      50      146.128
8      51      134.376
8      52      124.58
8      53      149.385
8      54      138.289
8      55      132.797
8      56      181.267
8      57      136.85
8      58      133.492
8      59      146.945
8      60      112.871
8      61      147.113
8      62      145.731
8      63      160.293
8      64      122.445
8      65      166.559
8      66      120.158
8      67      148.34
8      68      153.175
8      69      109.335
8      70      112.766
8      71      131.128
9      0      129.759
9      1      85.6958
9      2      149.442
9      3      97.509
9      4      140.247
9      5      87.6207
9      6      88.6638
9      7      101.216
9      8      113.197
9      9      70.5295
9      10      130.049
9      11      119.444
9      12      116.747
9      13      114.825
9      14      134.706
9      15      123.558
9      16      114.567
9      17      129.024
9      18      122.33
9      19      120.297
9      20      127.273
9      21      102.945
9      22      100.768
9      23      131.853
9      24      82.9227
9      25      106.575
9      26      129.086
9      27      115.234
9      28      107.237
9      29      85.423
9      30      93.9542
9      31      137.611
9      32      108.228
9      33      106.713
9      34      127.811
9      35      130.167
9      36      150.469
9      37      139.774
9      38      157.793
9      39      160.097
9      40      222.517
9      41      132.938
9      42      102.762
9      43      144.769
9      44      166.724
9      45      116.699
9      46      158.067
9      47      113.034
9      48      124.753
9      49      136.496
9      50      185.018
9      51      149.615
9      52      170.862
9      53      154.978
9      54      135.881
9      55      182.499
9      56      138.807
9      57      123.585
9      58      143.022
9      59      160.253
9      60      147.302
9      61      114.114
9      62      121.542
9      63      129.785
9      64      162.457
9      65      119.668
9      66      150.057
9      67      158.139
9      68      118.669
9      69      161.272
9      70      156.905
9      71      131.418
10      0      164.292
10      1      160.322
10      2      176.851
10      3      145.682
10      4      179.204
10      5      183.994
10      6      197.575
10      7      132.477
10      8      140.975
10      9      133.949
10      10      136.722
10      11      166.091
10      12      159.114
10      13      147.978
10      14      169.076
10      15      162.418
10      16      124.289
10      17      177.473
10      18      132.495
10      19      155.644
10      20      177.821
10      21      160.572
10      22      129.29
10      23      178.765
10      24      159.054
10      25      182.406
10      26      141.772
10      27      147.114
10      28      153.317
10      29      162.391
10      30      148.61
10      31      163.627
10      32      162.336
10      33      163.172
10      34      133.641
10      35      154.748
10      36      164.64
10      37      161.395
10      38      160.916
10      39      154.467
10      40      152.301
10      41      107.251
10      42      140.889
10      43      153.142
10      44      132.834
10      45      94.6831
10      46      150.688
10      47      134.74
10      48      115.444
10      49      132.896
10      50      184.553
10      51      149.024
10      52      145.079
10      53      142.002
10      54      101.629
10      55      207.061
10      56      172.068
10      57      156.81
10      58      140.228
10      59      173.525
10      60      115.167
10      61      136.53
10      62      146.596
10      63      79.666
10      64      137.584
10      65      138.566
10      66      135.158
10      67      150.308
10      68      154.363
10      69      155.51
10      70      156.77
10      71      147.124
11      0      118.821
11      1      119.753
11      2      157.673
11      3      87.6929
11      4      188.79
11      5      142.189
11      6      165.719
11      7      135.395
11      8      177.277
11      9      124.173
11      10      78.9005
11      11      160.82
11      12      170.022
11      13      105.472
11      14      171.486
11      15      156.484
11      16      110.973
11      17      114.063
11      18      138.183
11      19      142.119
11      20      146.928
11      21      152.381
11      22      68.8656
11      23      147.749
11      24      97.276
11      25      91.8673
11      26      133.858
11      27      110.312
11      28      139.611
11      29      132.593
11      30      114.638
11      31      139.547
11      32      115.159
11      33      80.6017
11      34      69.8805
11      35      147.67
11      36      199.302
11      37      179.68
11      38      164.428
11      39      130.805
11      40      186.635
11      41      165.797
11      42      136.077
11      43      202.912
11      44      207.749
11      45      178.256
11      46      204.081
11      47      146.298
11      48      153.349
11      49      155.729
11      50      175.579
11      51      169.044
11      52      204.783
11      53      173.045
11      54      163.166
11      55      190.909
11      56      195.918
11      57      146.652
11      58      186.219
11      59      206.29
11      60      203.723
11      61      147.855
11      62      118.34
11      63      116.479
11      64      143.152
11      65      183.15
11      66      178.101
11      67      159.082
11      68      197.285
11      69      147.56
11      70      183.254
11      71      123.322
12      0      136.324
12      1      126.856
12      2      106.349
12      3      152.056
12      4      136.46
12      5      125.195
12      6      91.448
12      7      151.331
12      8      105.293
12      9      125.294
12      10      112.414
12      11      110.227
12      12      121.781
12      13      109.724
12      14      129.674
12      15      119.424
12      16      121.475
12      17      132.565
12      18      145.753
12      19      61.7767
12      20      142.988
12      21      92.8247
12      22      138.89
12      23      63.4017
12      24      118.946
12      25      112.303
12      26      78.2139
12      27      123.982
12      28      152.811
12      29      125.96
12      30      97.0475
12      31      99.9862
12      32      90.7053
12      33      108.294
12      34      150.606
12      35      138.938
12      36      111.545
12      37      107.192
12      38      142.605
12      39      108.925
12      40      142.259
12      41      158.346
12      42      132.591
12      43      138.216
12      44      130.174
12      45      145.561
12      46      118.952
12      47      133.031
12      48      151.313
12      49      181.628
12      50      117.309
12      51      166.574
12      52      161.079
12      53      129.623
12      54      107.839
12      55      149.275
12      56      146.452
12      57      198.238
12      58      151.156
12      59      164.416
12      60      123.621
12      61      141.759
12      62      146.159
12      63      129.656
12      64      150.353
12      65      119.408
12      66      124.061
12      67      112.375
12      68      89.516
12      69      88.0787
12      70      144.995
12      71      134.462
13      0      207.701
13      1      132.698
13      2      151.537
13      3      93.08
13      4      197.094
13      5      147.907
13      6      168.09
13      7      146.39
13      8      117.413
13      9      142.202
13      10      135.704
13      11      173.944
13      12      114.587
13      13      138.574
13      14      154.321
13      15      137.824
13      16      175.257
13      17      114.272
13      18      99.4586
13      19      204.509
13      20      161.753
13      21      110.141
13      22      125.001
13      23      113.8
13      24      168.332
13      25      114.934
13      26      153.417
13      27      84.8906
13      28      152.794
13      29      121.538
13      30      153.138
13      31      114.71
13      32      142.825
13      33      139.862
13      34      121.134
13      35      129.513
13      36      201.337
13      37      113.102
13      38      159.081
13      39      128.78
13      40      184.022
13      41      148.993
13      42      160.062
13      43      179.003
13      44      176.816
13      45      169.692
13      46      208.28
13      47      112.739
13      48      186.649
13      49      186.403
13      50      155.879
13      51      152.114
13      52      147.004
13      53      175.901
13      54      152.038
13      55      121.636
13      56      155.358
13      57      188.568
13      58      142.858
13      59      168.505
13      60      145.055
13      61      141.524
13      62      205.155
13      63      170.841
13      64      170.178
13      65      109.575
13      66      130.977
13      67      121.68
13      68      125.193
13      69      187.925
13      70      173.628
13      71      124.059
14      0      89.9238
14      1      115.611
14      2      118.161
14      3      82.8531
14      4      124.527
14      5      101.812
14      6      162.537
14      7      100.85
14      8      175.401
14      9      131.092
14      10      124.925
14      11      139.316
14      12      116.369
14      13      144.954
14      14      141.288
14      15      133.313
14      16      157.553
14      17      74.1034
14      18      114.517
14      19      98.3676
14      20      86.2847
14      21      122.888
14      22      79.6584
14      23      110.866
14      24      127.388
14      25      161.293
14      26      135.207
14      27      130.872
14      28      92.121
14      29      130.422
14      30      127.707
14      31      97.9315
14      32      122.279
14      33      82.8514
14      34      111.517
14      35      156.069
14      36      143.082
14      37      189.77
14      38      143.692
14      39      187.287
14      40      158.041
14      41      150.291
14      42      140.666
14      43      145.948
14      44      179.903
14      45      158.285
14      46      179.695
14      47      147.079
14      48      135.402
14      49      205.619
14      50      164.04
14      51      197.695
14      52      155.977
14      53      136.918
14      54      140.629
14      55      188.798
14      56      172.2
14      57      170.165
14      58      131.566
14      59      166.013
14      60      149.245
14      61      163.334
14      62      195.397
14      63      191.309
14      64      193.558
14      65      169.016
14      66      170.399
14      67      189.222
14      68      169.613
14      69      201.143
14      70      156.799
14      71      129.248
15      0      162.776
15      1      135.945
15      2      105.624
15      3      95.1109
15      4      145.596
15      5      127.756
15      6      161.699
15      7      151.547
15      8      127.804
15      9      134.724
15      10      103.156
15      11      110.992
15      12      130.882
15      13      112.911
15      14      83.427
15      15      157.467
15      16      127.345
15      17      155.149
15      18      105.189
15      19      92.0017
15      20      189.382
15      21      140.354
15      22      81.9192
15      23      158.086
15      24      151.744
15      25      144.428
15      26      133.168
15      27      133.716
15      28      118.656
15      29      187.31
15      30      122.402
15      31      125.152
15      32      102.812
15      33      131.287
15      34      131.734
15      35      117.801
15      36      199.609
15      37      110.712
15      38      128.683
15      39      141.555
15      40      181.627
15      41      165.701
15      42      151.892
15      43      148.399
15      44      158.91
15      45      187.955
15      46      173.332
15      47      169.04
15      48      110.85
15      49      158.126
15      50      113.107
15      51      136.206
15      52      201.929
15      53      152.779
15      54      93.6067
15      55      148.558
15      56      118.176
15      57      158.32
15      58      180.671
15      59      141.456
15      60      156.135
15      61      137.142
15      62      134.252
15      63      170.688
15      64      99.7257
15      65      134.837
15      66      157.545
15      67      140.13
15      68      179.216
15      69      127.867
15      70      131.066
15      71      132.577
16      0      149.876
16      1      165.224
16      2      199.63
16      3      147.972
16      4      173.981
16      5      169.625
16      6      145.936
16      7      98.2009
16      8      151.63
16      9      149.22
16      10      163.295
16      11      133.57
16      12      178.996
16      13      124.052
16      14      184.834
16      15      174.127
16      16      138.375
16      17      171.419
16      18      143.281
16      19      153.832
16      20      137.076
16      21      185.474
16      22      137.792
16      23      143.506
16      24      158.158
16      25      145.774
16      26      166.61
16      27      173.244
16      28      174.876
16      29      156.858
16      30      123.746
16      31      118.286
16      32      145.717
16      33      148.369
16      34      160.507
16      35      171.163
16      36      182.436
16      37      122.395
16      38      126.325
16      39      142.72
16      40      189.017
16      41      127.128
16      42      148.981
16      43      159.226
16      44      167.714
16      45      154.469
16      46      166.037
16      47      147.051
16      48      148.419
16      49      151.284
16      50      152.495
16      51      150.431
16      52      165.404
16      53      150.713
16      54      148.434
16      55      182.506
16      56      30.9867
16      57      195.241
16      58      108.554
16      59      124.898
16      60      197.267
16      61      170.956
16      62      119.563
16      63      129.64
16      64      156.308
16      65      122.148
16      66      159.076
16      67      163.106
16      68      132.747
16      69      127.32
16      70      83.2114
16      71      143.525
17      0      165.614
17      1      109.817
17      2      128.366
17      3      101.733
17      4      169.751
17      5      126.038
17      6      128.032
17      7      95.7611
17      8      158.098
17      9      169.851
17      10      100.531
17      11      116.448
17      12      138.127
17      13      134.277
17      14      181.75
17      15      120.109
17      16      139.363
17      17      135.527
17      18      100.757
17      19      167.981
17      20      139.229
17      21      113.181
17      22      66.2843
17      23      146.692
17      24      96.0463
17      25      145.956
17      26      140.935
17      27      106.663
17      28      124.423
17      29      127.209
17      30      114.168
17      31      103.323
17      32      122.129
17      33      120.257
17      34      108.04
17      35      139.985
17      36      171.315
17      37      160.227
17      38      137.52
17      39      156.47
17      40      176.826
17      41      150.032
17      42      164.348
17      43      176.285
17      44      151.005
17      45      184.066
17      46      167.588
17      47      163.489
17      48      188.415
17      49      163.918
17      50      163.566
17      51      155.481
17      52      149.932
17      53      154.99
17      54      136.851
17      55      183.828
17      56      133.008
17      57      133.875
17      58      156.63
17      59      173.385
17      60      160.118
17      61      130.927
17      62      177.424
17      63      172.977
17      64      159.477
17      65      121.483
17      66      105.15
17      67      135.155
17      68      154.552
17      69      107.106
17      70      164.216
17      71      125.567
