0      0      188.162
0      1      187.92
0      2      188.954
0      3      254.316
0      4      182.069
0      5      184.794
0      6      156.313
0      7      156.471
0      8      147.172
0      9      163.915
0      10      175.805
0      11      245.387
0      12      126.989
0      13      153.053
0      14      184.663
0      15      250.296
0      16      122.688
0      17      234.729
0      18      163.34
0      19      175.281
0      20      187.784
0      21      251.75
0      22      251.019
0      23      155.977
0      24      156.229
0      25      142.291
0      26      251.452
0      27      251.529
0      28      144.883
0      29      148.48
0      30      148.014
0      31      157.297
0      32      1022.22
0      33      764.567
0      34      233.165
0      35      233.55
0      36      143.3
0      37      246.556
0      38      233.136
0      39      180.624
0      40      181.904
0      41      173.985
0      42      241.251
0      43      248.053
0      44      184.917
0      45      155.829
0      46      199.932
0      47      176.409
0      48      208.695
0      49      223.255
0      50      195.111
0      51      212.127
0      52      149.076
0      53      152.045
0      54      180.306
0      55      187.612
0      56      153.282
0      57      215.734
0      58      182.131
0      59      178.876
0      60      157.628
0      61      140.308
0      62      159.071
0      63      106.592
0      64      141.532
0      65      140.512
0      66      122.233
0      67      155.294
0      68      161.021
0      69      166.818
0      70      180.817
0      71      147.448
1      0      133.577
1      1      110.944
1      2      142.831
1      3      104.855
1      4      149.336
1      5      98.7056
1      6      112.157
1      7      129.42
1      8      122.158
1      9      125.076
1      10      75.5138
1      11      108.764
1      12      155.368
1      13      150.195
1      14      186.954
1      15      106.135
1      16      171.988
1      17      153.887
1      18      174.558
1      19      121.599
1      20      110.903
1      21      135.688
1      22      126.433
1      23      122.731
1      24      130.548
1      25      115.368
1      26      110.857
1      27      123.806
1      28      138.216
1      29      115.295
1      30      130.696
1      31      151.12
1      32      102.104
1      33      131.823
1      34      122.315
1      35      151.842
1      36      114.943
1      37      104.643
1      38      125.136
1      39      108.394
1      40      187.931
1      41      96.9915
1      42      123.043
1      43      148.591
1      44      141.264
1      45      153.655
1      46      119.764
1      47      140.241
1      48      172.555
1      49      131.617
1      50      155.44
1      51      149.061
1      52      146.528
1      53      116.279
1      54      141.907
1      55      196.796
1      56      135.421
1      57      148.679
1      58      130.008
1      59      144.979
1      60      156.209
1      61      106.246
1      62      132.187
1      63      101.173
1      64      85.0013
1      65      147.921
1      66      93.5335
1      67      101.662
1      68      136.193
1      69      136.812
1      70      143.03
1      71      131.477
2      0      125.546
2      1      162.435
2      2      100.712
2      3      114.1
2      4      179.211
2      5      136.526
2      6      127.369
2      7      93.2354
2      8      170.632
2      9      105.732
2      10      134.44
2      11      92.7257
2      12      107.527
2      13      91.2195
2      14      136.381
2      15      143.181
2      16      163.479
2      17      155.272
2      18      137.941
2      19      156.196
2      20      159.06
2      21      117.044
2      22      108.221
2      23      58.8611
2      24      127.263
2      25      95.6517
2      26      96.5098
2      27      89.7987
2      28      110.246
2      29      141.324
2      30      85.472
2      31      145.586
2      32      75.2133
2      33      100.435
2      34      108.47
2      35      148.622
2      36      143.068
2      37      113.178
2      38      141.279
2      39      85.618
2      40      140.898
2      41      101.352
2      42      128.55
2      43      144.365
2      44      89.5347
2      45      123.424
2      46      184.687
2      47      118.271
2      48      113.67
2      49      151.495
2      50      133.623
2      51      113.097
2      52      124.373
2      53      110.575
2      54      120.357
2      55      156.994
2      56      116.895
2      57      114.96
2      58      157.693
2      59      169.231
2      60      169.669
2      61      109.59
2      62      158.372
2      63      85.1113
2      64      139.961
2      65      119.174
2      66      147.152
2      67      113.918
2      68      78.2673
2      69      119.313
2      70      136.532
2      71      126.832
3      0      43.4311
3      1      139.712
3      2      146.087
3      3      53.4029
3      4      132.922
3      5      54.9448
3      6      33.8664
3      7      127.574
3      8      176.43
3      9      9.47457
3      10      127.235
3      11      156.787
3      12      158.005
3      13      58.8343
3      14      162.16
3      15      32.9175
3      16      170.66
3      17      56.8265
3      18      130.606
3      19      156.349
3      20      23.4935
3      21      49.1554
3      22      33.0972
3      23      135.188
3      24      15.4164
3      25      17.7358
3      26      27.5053
3      27      141.955
3      28      30.354
3      29      146.675
3      30      42.9133
3      31      40.0287
3      32      42.4281
3      33      27.9623
3      34      149.109
3      35      31.2936
3      36      162.576
3      37      94.6873
3      38      136.269
3      39      117.662
3      40      99.2297
3      41      83.2047
3      42      88.2226
3      43      133.66
3      44      75.5863
3      45      110.679
3      46      95.0588
3      47      125.855
3      48      97.3505
3      49      138.219
3      50      96.2956
3      51      95.3643
3      52      161.176
3      53      92.5926
3      54      121.518
3      55      164.256
3      56      116.876
3      57      99.3971
3      58      101.819
3      59      111.321
3      60      101.399
3      61      89.6794
3      62      156.378
3      63      123.856
3      64      123.404
3      65      105.828
3      66      53.2595
3      67      120.254
3      68      128.396
3      69      113.563
3      70      114.921
3      71      118.019
4      0      145.245
4      1      179.197
4      2      138.47
4      3      112.154
4      4      177.716
4      5      155.972
4      6      119.376
4      7      125.26
4      8      148.903
4      9      128.435
4      10      171.84
4      11      119.367
4      12      154.407
4      13      103.606
4      14      129.043
4      15      139.081
4      16      131.231
4      17      198.392
4      18      146.537
4      19      129.428
4      20      164.868
4      21      124.519
4      22      139.471
4      23      163.342
4      24      99.9009
4      25      125.044
4      26      117.458
4      27      120.294
4      28      156.223
4      29      152.296
4      30      157.21
4      31      128.204
4      32      117.362
4      33      98.1209
4      34      88.5642
4      35      139.163
4      36      174.193
4      37      147.519
4      38      147.146
4      39      123.089
4      40      126.432
4      41      104.594
4      42      162.687
4      43      159.184
4      44      154.96
4      45      161.943
4      46      128.393
4      47      134.585
4      48      144.359
4      49      146.412
4      50      213.054
4      51      145.197
4      52      176.19
4      53      114.275
4      54      147.002
4      55      134.779
4      56      128.483
4      57      168.352
4      58      145.951
4      59      103.248
4      60      133.712
4      61      81.7927
4      62      134.1
4      63      159.433
4      64      120.286
4      65      149.616
4      66      114.192
4      67      97.8578
4      68      132.128
4      69      132.228
4      70      118.162
4      71      106.508
5      0      130.71
5      1      145.262
5      2      92.8499
5      3      132.886
5      4      129.78
5      5      98.2421
5      6      127.648
5      7      97.8599
5      8      138.096
5      9      90.6464
5      10      120.626
5      11      90.7079
5      12      148.431
5      13      51.0946
5      14      67.8936
5      15      91.7815
5      16      125.579
5      17      125.976
5      18      94.7057
5      19      152.527
5      20      93.4806
5      21      135.565
5      22      97.4813
5      23      90.9632
5      24      80.4508
5      25      103.918
5      26      114.212
5      27      153.102
5      28      111.268
5      29      132.454
5      30      91.0194
5      31      101.959
5      32      68.251
5      33      80.8741
5      34      99.8493
5      35      118.888
5      36      148.98
5      37      127.625
5      38      137.902
5      39      137.298
5      40      178.649
5      41      132.41
5      42      93.0618
5      43      120.035
5      44      160.24
5      45      144.552
5      46      128.744
5      47      132.612
5      48      129.292
5      49      129.339
5      50      173.463
5      51      150.962
5      52      117.078
5      53      153.993
5      54      120.069
5      55      104.818
5      56      142.74
5      57      141.239
5      58      145.345
5      59      124.815
5      60      128.121
5      61      92.9968
5      62      105.761
5      63      127.446
5      64      136.024
5      65      143.626
5      66      135.171
5      67      160.407
5      68      141.2
5      69      164.667
5      70      132.865
5      71      120.522
6      0      253.847
6      1      124.993
6      2      116.012
6      3      113.584
6      4      82.4759
6      5      138.462
6      6      169.3
6      7      172.893
6      8      88.2741
6      9      140.704
6      10      247.989
6      11      126.05
6      12      253.936
6      13      186.444
6      14      153.462
6      15      155.018
6      16      143.33
6      17      142.855
6      18      125.739
6      19      125.528
6      20      237.16
6      21      153.775
6      22      147.831
6      23      132.752
6      24      252.391
6      25      124.585
6      26      124.633
6      27      124.233
6      28      123.377
6      29      248.643
6      30      252.236
6      31      252.09
6      32      141.275
6      33      250.834
6      34      123.06
6      35      251.651
6      36      172.415
6      37      170.764
6      38      174.258
6      39      189.557
6      40      188.706
6      41      182.535
6      42      181.874
6      43      149.473
6      44      222.181
6      45      256.053
6      46      169.812
6      47      174.174
6      48      156.729
6      49      222.584
6      50      255.077
6      51      244.24
6      52      229.646
6      53      210.581
6      54      161.592
6      55      190.449
6      56      191.15
6      57      159.482
6      58      188.628
6      59      188.319
6      60      228.249
6      61      243.539
6      62      253.011
6      63      142.39
6      64      188.699
6      65      189.32
6      66      183.6
6      67      166.585
6      68      149.561
6      69      154.82
6      70      154.43
6      71      170.041
7      0      119.439
7      1      252.964
7      2      252.532
7      3      121.769
7      4      251.171
7      5      188.693
7      6      156.646
7      7      250.954
7      8      123.471
7      9      122.295
7      10      107.097
7      11      239.647
7      12      255.078
7      13      254.783
7      14      251.837
7      15      253.372
7      16      160.177
7      17      157.252
7      18      112.907
7      19      111.463
7      20      244.864
7      21      254.486
7      22      101.856
7      23      235.789
7      24      172.513
7      25      236.057
7      26      235.929
7      27      251.393
7      28      124.989
7      29      252.414
7      30      155.18
7      31      155.266
7      32      221.77
7      33      222.139
7      34      242.668
7      35      241.957
7      36      218.043
7      37      249.823
7      38      249.669
7      39      178.818
7      40      148.712
7      41      159.227
7      42      157.169
7      43      182.117
7      44      214.168
7      45      175.201
7      46      195.543
7      47      189.843
7      48      149.017
7      49      184.892
7      50      158.021
7      51      189.553
7      52      192.266
7      53      190.271
7      54      158.613
7      55      189.356
7      56      207.707
7      57      167.213
7      58      161.625
7      59      247.556
7      60      195.211
7      61      185.688
7      62      149.53
7      63      252.614
7      64      172.781
7      65      156.768
7      66      178.034
7      67      248.534
7      68      163.496
7      69      144.005
7      70      156.983
7      71      148.626
8      0      158.714
8      1      129.378
8      2      132.331
8      3      70.297
8      4      123.341
8      5      115.538
8      6      129.576
8      7      116.242
8      8      144.503
8      9      106.166
8      10      138.168
8      11      150.955
8      12      126.519
8      13      128.342
8      14      143.584
8      15      118.133
8      16      130.829
8      17      163.88
8      18      141.986
8      19      165.463
8      20      126.626
8      21      171.659
8      22      143.5
8      23      94.7027
8      24      104.656
8      25      120.98
8      26      99.856
8      27      146.668
8      28      112.978
8      29      146.213
8      30      123.364
8      31      155.851
8      32      125.926
8      33      135.054
8      34      102.477
8      35      185.828
8      36      161.524
8      37      143.786
8      38      167.16
8      39      164.601
8      40      110.612
8      41      118.4
8      42      166.125
8      43      166.283
8      44      140.152
8      45      110.769
8      46      205.625
8      47      112.48
8      48      137.867
8      49      156.684
8      50      146.694
8      51      134.395
8      52      124.827
8      53      149.628
8      54      138.419
8      55      132.711
8      56      181.603
8      57      137.479
8      58      133.151
8      59      147.308
8      60      112.694
8      61      147.142
8      62      145.478
8      63      160.15
8      64      122.153
8      65      167.102
8      66      119.453
8      67      148.261
8      68      152.744
8      69      109.121
8      70      112.411
8      71      130.735
9      0      129.914
9      1      85.2795
9      2      149.53
9      3      96.9992
9      4      141.238
9      5      87.1707
9      6      88.6346
9      7      100.856
9      8      113.464
9      9      70.1239
9      10      129.873
9      11      119.381
9      12      117.423
9      13      114.698
9      14      135.787
9      15      123.527
9      16      115.512
9      17      129.454
9      18      122.557
9      19      121.57
9      20      127.324
9      21      105.065
9      22      100.565
9      23      132.834
9      24      82.6992
9      25      106.25
9      26      128.837
9      27      115.007
9      28      107.262
9      29      92.1507
9      30      93.4737
9      31      137.329
9      32      107.61
9      33      106.468
9      34      127.264
9      35      130.481
9      36      151.108
9      37      139.533
9      38      157.837
9      39      159.654
9      40      223.734
9      41      132.57
9      42      102.659
9      43      144.54
9      44      167.569
9      45      116.593
9      46      158.506
9      47      112.879
9      48      124.219
9      49      136.556
9      50      185.928
9      51      149.676
9      52      171.659
9      53      155.246
9      54      135.758
9      55      183.664
9      56      138.742
9      57      123.418
9      58      142.779
9      59      160.785
9      60      147.657
9      61      113.795
9      62      121.119
9      63      129.086
9      64      162.383
9      65      119.589
9      66      149.455
9      67      157.865
9      68      118.136
9      69      161.121
9      70      156.348
9      71      130.874
10      0      165.576
10      1      158.41
10      2      176.975
10      3      142.507
10      4      182.157
10      5      183.416
10      6      199.4
10      7      128.697
10      8      140.693
10      9      131.992
10      10      135.253
10      11      165.713
10      12      160.657
10      13      147.102
10      14      174.367
10      15      163.226
10      16      126.438
10      17      182.512
10      18      132.109
10      19      159.507
10      20      180.91
10      21      165.373
10      22      128.796
10      23      182.067
10      24      160.685
10      25      181.905
10      26      139.399
10      27      144.962
10      28      152.896
10      29      163.105
10      30      145.123
10      31      161.802
10      32      158.966
10      33      161.276
10      34      129.539
10      35      155.142
10      36      168.217
10      37      160.641
10      38      160.932
10      39      153.092
10      40      155.821
10      41      105.169
10      42      140.575
10      43      151.749
10      44      133.357
10      45      95.5244
10      46      151.816
10      47      133.969
10      48      115.031
10      49      133.017
10      50      188.989
10      51      148.729
10      52      146.853
10      53      142.212
10      54      101.232
10      55      211.771
10      56      174.275
10      57      158.118
10      58      139.637
10      59      175.762
10      60      114.192
10      61      137.193
10      62      145.526
10      63      78.1545
10      64      136.62
10      65      140.412
10      66      133.273
10      67      149.651
10      68      153.003
10      69      155.675
10      70      155.058
10      71      145.238
11      0      119.476
11      1      117.88
11      2      157.586
11      3      86.7549
11      4      190.848
11      5      140.995
11      6      165.405
11      7      135.147
11      8      177.539
11      9      124.467
11      10      78.7015
11      11      161.066
11      12      170.701
11      13      105.513
11      14      174.283
11      15      157.015
11      16      111.191
11      17      113.775
11      18      138.643
11      19      142.159
11      20      147.102
11      21      153.454
11      22      69.0694
11      23      147.161
11      24      96.5219
11      25      91.6423
11      26      133.741
11      27      109.849
11      28      140.232
11      29      132.181
11      30      113.69
11      31      139.423
11      32      114.344
11      33      80.2408
11      34      68.5996
11      35      147.715
11      36      201.635
11      37      180.061
11      38      164.974
11      39      130.374
11      40      187.246
11      41      165.786
11      42      136.349
11      43      202.038
11      44      209.294
11      45      177.843
11      46      204.551
11      47      146.316
11      48      153.133
11      49      154.544
11      50      174.843
11      51      169.046
11      52      207.45
11      53      173.829
11      54      163.179
11      55      191.397
11      56      195.347
11      57      146.921
11      58      186.372
11      59      207.595
11      60      203.659
11      61      148.391
11      62      118.154
11      63      116.112
11      64      142.505
11      65      183.864
11      66      176.111
11      67      158.359
11      68      196.46
11      69      146.3
11      70      182.228
11      71      122.266
12      0      136.795
12      1      126.561
12      2      106.28
12      3      151.723
12      4      136.76
12      5      124.934
12      6      91.494
12      7      151.284
12      8      105.157
12      9      125.348
12      10      112.193
12      11      109.904
12      12      121.872
12      13      109.627
12      14      130.24
12      15      119.43
12      16      121.889
12      17      132.92
12      18      146.076
12      19      62.251
12      20      143.293
12      21      92.716
12      22      139.066
12      23      63.7881
12      24      118.759
12      25      112.021
12      26      77.9365
12      27      123.77
12      28      153.063
12      29      126.067
12      30      96.6051
12      31      99.7677
12      32      90.2535
12      33      107.983
12      34      150.355
12      35      139.279
12      36      111.528
12      37      107.12
12      38      142.699
12      39      108.727
12      40      142.476
12      41      158.214
12      42      132.855
12      43      137.975
12      44      130.383
12      45      145.614
12      46      118.986
12      47      133.135
12      48      151.315
12      49      181.855
12      50      117.433
12      51      166.822
12      52      161.731
12      53      129.816
12      54      107.746
12      55      149.661
12      56      146.443
12      57      198.858
12      58      151.211
12      59      164.846
12      60      123.279
12      61      141.48
12      62      146.018
12      63      129.484
12      64      150.452
12      65      119.365
12      66      123.688
12      67      112.114
12      68      89.0513
12      69      87.8233
12      70      144.669
12      71      134.133
13      0      209.771
13      1      130.627
13      2      150.587
13      3      92.1016
13      4      199.169
13      5      146.338
13      6      167.952
13      7      145.697
13      8      116.745
13      9      142.551
13      10      135.616
13      11      174.023
13      12      116.412
13      13      139.02
13      14      155.21
13      15      137.566
13      16      177.556
13      17      114.072
13      18      99.7379
13      19      208.506
13      20      162.459
13      21      110.718
13      22      125.255
13      23      113.262
13      24      168.812
13      25      114.845
13      26      153.208
13      27      83.7208
13      28      152.89
13      29      120.542
13      30      152.155
13      31      114.264
13      32      141.59
13      33      139.715
13      34      119.987
13      35      128.465
13      36      203.516
13      37      112.774
13      38      159.815
13      39      128.421
13      40      185.116
13      41      148.748
13      42      160.624
13      43      177.889
13      44      176.53
13      45      169.178
13      46      209.329
13      47      112.6
13      48      187.397
13      49      186.848
13      50      154.966
13      51      152.219
13      52      146.886
13      53      176.486
13      54      152.072
13      55      123.346
13      56      154.328
13      57      189.911
13      58      142.526
13      59      169.227
13      60      143.99
13      61      142.087
13      62      204.736
13      63      170.287
13      64      170.03
13      65      109.585
13      66      129.64
13      67      120.988
13      68      124.235
13      69      186.989
13      70      172.748
13      71      123.713
14      0      89.8254
14      1      114.951
14      2      117.9
14      3      82.6021
14      4      124.598
14      5      101.395
14      6      162.473
14      7      100.791
14      8      176.055
14      9      131.14
14      10      124.886
14      11      138.929
14      12      116.374
14      13      145.128
14      14      142.46
14      15      133.051
14      16      158.735
14      17      75.3293
14      18      114.17
14      19      98.7575
14      20      86.4015
14      21      122.665
14      22      79.6122
14      23      110.908
14      24      127.455
14      25      161.42
14      26      135.27
14      27      130.699
14      28      92.1728
14      29      130.447
14      30      127.269
14      31      97.5784
14      32      121.815
14      33      82.7938
14      34      111.288
14      35      156.306
14      36      143.033
14      37      189.955
14      38      143.953
14      39      187.356
14      40      157.921
14      41      150.198
14      42      140.825
14      43      145.534
14      44      180.338
14      45      158.19
14      46      179.774
14      47      147.185
14      48      135.21
14      49      205.839
14      50      163.998
14      51      198.087
14      52      156.501
14      53      137.016
14      54      140.749
14      55      189.072
14      56      172.087
14      57      169.948
14      58      131.689
14      59      165.937
14      60      149.038
14      61      163.389
14      62      195.208
14      63      191.247
14      64      193.583
14      65      168.768
14      66      169.896
14      67      189.278
14      68      169.128
14      69      201.118
14      70      156.621
14      71      128.752
15      0      163.058
15      1      135.619
15      2      105.232
15      3      94.5145
15      4      145.963
15      5      127.263
15      6      161.902
15      7      151.473
15      8      127.747
15      9      134.29
15      10      102.78
15      11      110.739
15      12      130.915
15      13      112.536
15      14      83.7736
15      15      157.784
15      16      128.033
15      17      155.908
15      18      104.965
15      19      92.66
15      20      190.025
15      21      140.863
15      22      81.5133
15      23      158.565
15      24      152.004
15      25      144.003
15      26      132.855
15      27      133.372
15      28      118.807
15      29      187.745
15      30      121.853
15      31      124.9
15      32      102.149
15      33      131.162
15      34      131.189
15      35      117.913
15      36      200.405
15      37      110.468
15      38      128.628
15      39      141.439
15      40      182.348
15      41      165.391
15      42      151.897
15      43      148.089
15      44      159.271
15      45      188.342
15      46      173.578
15      47      169.314
15      48      110.53
15      49      158.368
15      50      113.559
15      51      136.103
15      52      202.981
15      53      152.998
15      54      93.4749
15      55      148.884
15      56      117.902
15      57      158.704
15      58      180.611
15      59      141.446
15      60      156.206
15      61      136.957
15      62      133.923
15      63      170.582
15      64      99.5523
15      65      134.742
15      66      157.028
15      67      139.782
15      68      179.024
15      69      127.395
15      70      130.605
15      71      132.031
16      0      151.504
16      1      163.963
16      2      200.074
16      3      147.542
16      4      174.323
16      5      168.399
16      6      145.373
16      7      97.4782
16      8      150.751
16      9      149.467
16      10      163.804
16      11      132.574
16      12      178.87
16      13      123.87
16      14      187.193
16      15      174.239
16      16      138.416
16      17      172.708
16      18      142.922
16      19      154.397
16      20      136.72
16      21      187.724
16      22      137.83
16      23      143.272
16      24      158.542
16      25      146.242
16      26      166.484
16      27      173.145
16      28      175.178
16      29      157.013
16      30      122.462
16      31      117.341
16      32      144.59
16      33      148.35
16      34      159.648
16      35      171.365
16      36      184.309
16      37      122.15
16      38      126.794
16      39      142.424
16      40      190.558
16      41      126.669
16      42      149.907
16      43      158.446
16      44      168.291
16      45      154.071
16      46      166.008
16      47      147.799
16      48      148.749
16      49      150.751
16      50      151.884
16      51      150.964
16      52      167.323
16      53      150.961
16      54      148.331
16      55      183.133
16      56      30.6569
16      57      196.32
16      58      108.267
16      59      124.919
16      60      197.329
16      61      171.986
16      62      118.966
16      63      128.767
16      64      155.883
16      65      122.525
16      66      157.564
16      67      162.627
16      68      131.744
16      69      126.357
16      70      82.529
16      71      142.597
17      0      166.073
17      1      109.274
17      2      128.086
17      3      101.123
17      4      170.676
17      5      125.705
17      6      128.123
17      7      95.122
17      8      159.05
17      9      169.996
17      10      99.9907
17      11      116.211
17      12      138.249
17      13      134.34
17      14      183.344
17      15      119.729
17      16      139.959
17      17      136.159
17      18      100.81
17      19      169.576
17      20      139.547
17      21      113.654
17      22      65.9056
17      23      147.402
17      24      95.8391
17      25      145.678
17      26      140.575
17      27      106.066
17      28      124.161
17      29      127.327
17      30      113.602
17      31      102.846
17      32      121.541
17      33      119.567
17      34      107.424
17      35      140.12
17      36      172.129
17      37      160.048
17      38      137.393
17      39      156.082
17      40      177.725
17      41      149.054
17      42      164.392
17      43      176.054
17      44      151.156
17      45      184.658
17      46      167.807
17      47      163.651
17      48      188.337
17      49      163.973
17      50      164.167
17      51      155.722
17      52      150.563
17      53      155.157
17      54      136.878
17      55      185.279
17      56      132.89
17      57      134.222
17      58      156.452
17      59      173.623
17      60      160.081
17      61      130.598
17      62      177.302
17      63      172.604
17      64      159.472
17      65      121.545
17      66      104.398
17      67      134.659
17      68      153.855
17      69      107.017
17      70      163.72
17      71      125.129
