0      0      192.45
0      1      164.919
0      2      193.051
0      3      139.925
0      4      183.853
0      5      159.956
0      6      161.032
0      7      154.632
0      8      138.991
0      9      170.562
0      10      152.489
0      11      144.574
0      12      136.783
0      13      162.316
0      14      166.339
0      15      149.495
0      16      112.058
0      17      142.462
0      18      168.43
0      19      177.389
0      20      162.351
0      21      144.682
0      22      120.872
0      23      160.631
0      24      150.799
0      25      150.904
0      26      146.175
0      27      152.107
0      28      152.692
0      29      154.576
0      30      155.706
0      31      166.535
0      32      1035.08
0      33      178.051
0      34      212.069
0      35      168.669
0      36      146.03
0      37      145.054
0      38      139.998
0      39      183.261
0      40      170.097
0      41      147.702
0      42      137.202
0      43      155.841
0      44      185.201
0      45      158.137
0      46      199.206
0      47      180.207
0      48      209.918
0      49      161.162
0      50      196.014
0      51      149.651
0      52      152.125
0      53      142.948
0      54      168.234
0      55      186.72
0      56      155.924
0      57      207.76
0      58      184.896
0      59      179.214
0      60      160.504
0      61      145.223
0      62      161.608
0      63      112.767
0      64      146.314
0      65      138.649
0      66      125.207
0      67      159.72
0      68      168.363
0      69      171.439
0      70      183.749
0      71      153.363
1      0      132.324
1      1      112.432
1      2      140.113
1      3      109.829
1      4      144.826
1      5      100.447
1      6      112.439
1      7      133.268
1      8      119.116
1      9      126.782
1      10      79.1696
1      11      110.151
1      12      145.395
1      13      150.871
1      14      174.276
1      15      107.514
1      16      161.611
1      17      147.235
1      18      167.168
1      19      116.564
1      20      110.237
1      21      129.518
1      22      127.636
1      23      118.614
1      24      130.804
1      25      117.85
1      26      113.647
1      27      126.302
1      28      138.07
1      29      115.252
1      30      134.176
1      31      152.676
1      32      106.973
1      33      134.269
1      34      126.658
1      35      148.817
1      36      114.452
1      37      107.841
1      38      125.819
1      39      112.135
1      40      178.18
1      41      100.695
1      42      123.603
1      43      147.693
1      44      138.788
1      45      151.143
1      46      118.369
1      47      140.348
1      48      170.851
1      49      131.186
1      50      147.956
1      51      148.269
1      52      141.308
1      53      118.183
1      54      141.096
1      55      185.774
1      56      134.62
1      57      143.16
1      58      130.674
1      59      142.225
1      60      153.878
1      61      108.683
1      62      132.885
1      63      104.076
1      64      87.8192
1      65      144.165
1      66      94.32
1      67      104.776
1      68      138.313
1      69      136.479
1      70      145.045
1      71      134.159
2      0      123.643
2      1      119.816
2      2      159.645
2      3      95.5793
2      4      109.88
2      5      173.75
2      6      130.556
2      7      120.621
2      8      89.8148
2      9      163.95
2      10      101.07
2      11      129.69
2      12      89.8056
2      13      99.9012
2      14      86.4454
2      15      129.232
2      16      138.596
2      17      156.235
2      18      125.449
2      19      132.89
2      20      155.046
2      21      154.237
2      22      109.978
2      23      103.966
2      24      54.1224
2      25      122.801
2      26      91.9658
2      27      92.7553
2      28      87.112
2      29      105.695
2      30      137.401
2      31      81.9775
2      32      142.941
2      33      73.748
2      34      98.8409
2      35      106.181
2      36      141.879
2      37      143.379
2      38      143.781
2      39      122.009
2      40      119.152
2      41      140.102
2      42      -41.2599
2      43      50.2415
2      44      122.956
2      45      -78.3505
2      46      154.559
2      47      153.01
2      48      24.1258
2      49      151.515
2      50      55.6327
2      51      147.408
2      52      -86.2179
2      53      27.3807
2      54      150.563
2      55      153.905
2      56      154.346
2      57      19.9439
2      58      156.329
2      59      92.4733
2      60      15.0486
2      61      140.263
2      62      156.794
2      63      125.232
2      64      124.106
2      65      252.639
2      66      149.739
2      67      148.035
2      68      17.338
2      69      26.7967
2      70      152.807
2      71      40.9583
3      0      46.0613
3      1      82.5468
3      2      87.7876
3      3      55.9805
3      4      72.109
3      5      58.8914
3      6      38.9378
3      7      66.2975
3      8      117.725
3      9      11.4175
3      10      66.1766
3      11      98.1499
3      12      96.9371
3      13      61.5161
3      14      102.307
3      15      36.5961
3      16      110.993
3      17      59.0922
3      18      70.0634
3      19      95.5752
3      20      28.3112
3      21      51.3903
3      22      35.0231
3      23      72.4314
3      24      19.5216
3      25      19.7324
3      26      29.8611
3      27      80.8114
3      28      33.1995
3      29      86.6226
3      30      45.5026
3      31      42.7787
3      32      44.9262
3      33      30.3094
3      34      87.8613
3      35      35.225
3      36      164.505
3      37      94.1454
3      38      135.293
3      39      116.808
3      40      99.311
3      41      82.3787
3      42      87.4641
3      43      136.049
3      44      76.8154
3      45      111.058
3      46      95.832
3      47      125.369
3      48      97.8258
3      49      139.638
3      50      96.2088
3      51      94.3774
3      52      162.052
3      53      91.6374
3      54      121.219
3      55      164.505
3      56      117.743
3      57      97.9238
3      58      101.181
3      59      110.685
3      60      102.025
3      61      89.0439
3      62      159.541
3      63      123.807
3      64      123.078
3      65      106.196
3      66      55.3304
3      67      120.048
3      68      128.225
3      69      113.939
3      70      114.7
3      71      117.73
4      0      145.792
4      1      178.289
4      2      138.429
4      3      113.264
4      4      173.041
4      5      155.779
4      6      116.407
4      7      126.549
4      8      150.365
4      9      130.692
4      10      174.608
4      11      117.124
4      12      153.018
4      13      104.177
4      14      127.634
4      15      139.715
4      16      131.464
4      17      189.714
4      18      144.611
4      19      129.298
4      20      162.144
4      21      121.291
4      22      142.768
4      23      160.95
4      24      98.8162
4      25      126.786
4      26      118.285
4      27      120.369
4      28      157.772
4      29      150.993
4      30      161.685
4      31      130.51
4      32      117.221
4      33      99.9999
4      34      90.5701
4      35      138.855
4      36      170.68
4      37      148.681
4      38      147.469
4      39      125.112
4      40      124.624
4      41      107.074
4      42      162.707
4      43      157.635
4      44      152.162
4      45      158.39
4      46      127.273
4      47      135.125
4      48      144.466
4      49      143.797
4      50      205.392
4      51      145.279
4      52      172.76
4      53      115.388
4      54      146.715
4      55      132.534
4      56      127.953
4      57      163.637
4      58      146.255
4      59      103.192
4      60      133.568
4      61      84.164
4      62      133.99
4      63      159.771
4      64      122.052
4      65      146.51
4      66      115.068
4      67      100.018
4      68      133.35
4      69      132.037
4      70      119.75
4      71      108.949
5      0      131.549
5      1      148.978
5      2      93.7961
5      3      132.036
5      4      131.986
5      5      98.9534
5      6      130.823
5      7      96.4698
5      8      138.886
5      9      88.9421
5      10      120.23
5      11      90.9656
5      12      150.475
5      13      48.8978
5      14      68.7931
5      15      91.3354
5      16      128.636
5      17      127.313
5      18      94.622
5      19      155.584
5      20      93.718
5      21      137.683
5      22      95.7955
5      23      91.5201
5      24      80.535
5      25      102.885
5      26      113.268
5      27      152.487
5      28      110.651
5      29      132.901
5      30      88.9837
5      31      100.855
5      32      66.6343
5      33      78.8814
5      34      98.0201
5      35      119.29
5      36      152.181
5      37      126.248
5      38      137.17
5      39      135.887
5      40      183.176
5      41      131.565
5      42      91.8373
5      43      120.371
5      44      163.374
5      45      146.509
5      46      129.842
5      47      132.098
5      48      130.538
5      49      128.843
5      50      176.346
5      51      150.792
5      52      117.113
5      53      153.553
5      54      118.989
5      55      104.857
5      56      143.756
5      57      140.901
5      58      144.891
5      59      124.642
5      60      128.469
5      61      91.7006
5      62      107.194
5      63      126.361
5      64      135.174
5      65      145.126
5      66      136.296
5      67      160.21
5      68      140.447
5      69      166.331
5      70      131.688
5      71      119.522
6      0      144.939
6      1      125.612
6      2      123.77
6      3      97.4542
6      4      148.257
6      5      143.019
6      6      180.721
6      7      101.794
6      8      149.562
6      9      143.075
6      10      138.746
6      11      138.116
6      12      182.489
6      13      160.138
6      14      162.469
6      15      152.451
6      16      152.49
6      17      151.051
6      18      106.981
6      19      120.28
6      20      147.081
6      21      155.049
6      22      144.305
6      23      142.748
6      24      143.783
6      25      117.546
6      26      137.284
6      27      90.5045
6      28      128.419
6      29      161.198
6      30      144.861
6      31      137.704
6      32      153.93
6      33      141.572
6      34      122.397
6      35      161.611
6      36      185.267
6      37      152.956
6      38      192.639
6      39      175.189
6      40      196.679
6      41      183.47
6      42      166.969
6      43      162.82
6      44      236.242
6      45      144.547
6      46      183.057
6      47      160.296
6      48      171.712
6      49      236.498
6      50      145.509
6      51      183.189
6      52      211.304
6      53      162.627
6      54      176.181
6      55      188.752
6      56      176.851
6      57      166.67
6      58      205.2
6      59      179.88
6      60      209.731
6      61      123.478
6      62      158.993
6      63      160.134
6      64      201.042
6      65      149.66
6      66      181.481
6      67      152.417
6      68      165.481
6      69      169.18
6      70      155.478
6      71      181.736
7      0      190.969
7      1      228.871
7      2      189.321
7      3      196.468
7      4      254.93
7      5      213.188
7      6      223.428
7      7      196.43
7      8      188.636
7      9      150.378
7      10      180.753
7      11      215.289
7      12      204.188
7      13      221.591
7      14      195.459
7      15      231.823
7      16      227.997
7      17      195.586
7      18      182.669
7      19      184.541
7      20      234.612
7      21      168.876
7      22      177.778
7      23      240.017
7      24      242.221
7      25      178.392
7      26      213.68
7      27      195.072
7      28      198.312
7      29      226.293
7      30      211.643
7      31      229.456
7      32      170.428
7      33      205.084
7      34      189.59
7      35      214.997
7      36      217.738
7      37      145.103
7      38      115.651
7      39      183.051
7      40      135.308
7      41      163.493
7      42      160.194
7      43      181.425
7      44      199.029
7      45      174.101
7      46      195.454
7      47      192.174
7      48      151.64
7      49      170.818
7      50      159.691
7      51      176.469
7      52      193.9
7      53      192.442
7      54      162.957
7      55      189.668
7      56      206.343
7      57      169.153
7      58      165.402
7      59      138.437
7      60      195.527
7      61      188.563
7      62      134.939
7      63      147.744
7      64      176.163
7      65      152.359
7      66      178.248
7      67      140.14
7      68      167.151
7      69      146.303
7      70      160.685
7      71      152.189
8      0      157.772
8      1      132.772
8      2      136.126
8      3      63.4182
8      4      129.21
8      5      117.782
8      6      131.634
8      7      111.063
8      8      150.723
8      9      100.302
8      10      134.365
8      11      152.378
8      12      127.618
8      13      123.919
8      14      146.168
8      15      118.207
8      16      135.075
8      17      166.733
8      18      144.898
8      19      171.428
8      20      129.738
8      21      175.459
8      22      137.851
8      23      94.6152
8      24      104.219
8      25      115.711
8      26      94.9047
8      27      142.074
8      28      110.007
8      29      147.414
8      30      117.834
8      31      151.15
8      32      121.145
8      33      130.325
8      34      96.8994
8      35      188.555
8      36      166.284
8      37      140.848
8      38      165.35
8      39      161.602
8      40      112.937
8      41      115.188
8      42      164.611
8      43      170.092
8      44      145.587
8      45      112.684
8      46      213.085
8      47      110.235
8      48      138.288
8      49      162.162
8      50      152.151
8      51      132.695
8      52      125.164
8      53      148.224
8      54      137.554
8      55      136.55
8      56      187.345
8      57      141.935
8      58      131.63
8      59      149.65
8      60      112.324
8      61      145.928
8      62      148.982
8      63      158.545
8      64      119.518
8      65      170.818
8      66      120.572
8      67      146.655
8      68      150.846
8      69      109.018
8      70      108.425
8      71      128.305
9      0      133.924
9      1      78.4048
9      2      165.265
9      3      89.1222
9      4      154.168
9      5      82.1195
9      6      85.6341
9      7      98.4286
9      8      112.653
9      9      67.1206
9      10      141.571
9      11      114.449
9      12      113.509
9      13      112.826
9      14      151.74
9      15      133.087
9      16      112.766
9      17      140.526
9      18      118.126
9      19      117.53
9      20      139.376
9      21      102.087
9      22      98.3698
9      23      142.487
9      24      82.405
9      25      97.8409
9      26      138.98
9      27      113.913
9      28      100.399
9      29      137.606
9      30      84.9386
9      31      142.962
9      32      99.4369
9      33      97.7569
9      34      135.637
9      35      138.828
9      36      154.213
9      37      137.363
9      38      155.936
9      39      157.501
9      40      230.283
9      41      130.837
9      42      100.733
9      43      110.848
9      44      172.131
9      45      118.325
9      46      162.881
9      47      110.848
9      48      123.695
9      49      137.895
9      50      191.786
9      51      148.738
9      52      174.06
9      53      154.182
9      54      134.387
9      55      188.319
9      56      141.659
9      57      123.723
9      58      142.258
9      59      162.751
9      60      148.598
9      61      112.05
9      62      121.989
9      63      126.947
9      64      161.219
9      65      121.773
9      66      151.755
9      67      156.852
9      68      116.129
9      69      163.134
9      70      154.749
9      71      129.505
10      0      164.438
10      1      163.733
10      2      181.285
10      3      140.31
10      4      184.815
10      5      188.713
10      6      203.879
10      7      127.268
10      8      140.45
10      9      129.522
10      10      132.832
10      11      167.692
10      12      160.312
10      13      144.103
10      14      172.075
10      15      164.082
10      16      124.401
10      17      179.21
10      18      132.042
10      19      157.84
10      20      181.814
10      21      163.101
10      22      124.776
10      23      181.679
10      24      160.6
10      25      178.909
10      26      137.431
10      27      143.51
10      28      151.285
10      29      162.759
10      30      143.471
10      31      160.436
10      32      158.171
10      33      159.441
10      34      127.918
10      35      156.335
10      36      169.539
10      37      159.267
10      38      159.434
10      39      151.764
10      40      156.983
10      41      103.986
10      42      138.904
10      43      154.409
10      44      133.643
10      45      98.1301
10      46      153.582
10      47      132.667
10      48      114.674
10      49      134.526
10      50      190.169
10      51      147.838
10      52      146.094
10      53      140.916
10      54      100.715
10      55      212.59
10      56      177.699
10      57      157.5
10      58      139.092
10      59      177.105
10      60      115.692
10      61      135.382
10      62      147.438
10      63      77.5999
10      64      135.838
10      65      141.499
10      66      135.984
10      67      149.189
10      68      152.984
10      69      157.652
10      70      154.97
10      71      145.136
11      0      119.492
11      1      119.104
11      2      153.883
11      3      91.4109
11      4      181.902
11      5      139.519
11      6      161.824
11      7      137.544
11      8      170.987
11      9      126.187
11      10      82.3987
11      11      158.743
11      12      164.588
11      13      108.056
11      14      166.835
11      15      153.786
11      16      110.122
11      17      114.156
11      18      134.125
11      19      138.994
11      20      142.782
11      21      148.53
11      22      72.3453
11      23      144.662
11      24      98.0464
11      25      94.2219
11      26      135.496
11      27      112.528
11      28      139.772
11      29      131.394
11      30      118.069
11      31      141.175
11      32      117.748
11      33      84.4981
11      34      73.4934
11      35      144.958
11      36      195.542
11      37      181.553
11      38      166.036
11      39      133.947
11      40      182.788
11      41      167.315
11      42      138.095
11      43      200.005
11      44      201.682
11      45      175.707
11      46      198.838
11      47      148.493
11      48      153.987
11      49      153.859
11      50      172.811
11      51      168.71
11      52      202.331
11      53      173.423
11      54      163.573
11      55      187.008
11      56      192.237
11      57      145.303
11      58      186.295
11      59      203.018
11      60      201.199
11      61      149.19
11      62      118.431
11      63      119.125
11      64      144.912
11      65      180.227
11      66      176.093
11      67      160.676
11      68      197.946
11      69      147.939
11      70      184.703
11      71      125.934
12      0      135.801
12      1      128.9
12      2      108.179
12      3      147.483
12      4      143.755
12      5      127.485
12      6      91.6572
12      7      147.921
12      8      107.818
12      9      121.821
12      10      108.743
12      11      110.293
12      12      126.939
12      13      106.041
12      14      133.681
12      15      121.057
12      16      124.245
12      17      134.41
12      18      149.963
12      19      64.0547
12      20      147.522
12      21      94.6334
12      22      135.571
12      23      65.6107
12      24      118.448
12      25      108.041
12      26      73.4948
12      27      120.388
12      28      151.701
12      29      127.421
12      30      92.7367
12      31      96.3331
12      32      85.8158
12      33      104.488
12      34      146.261
12      35      141.376
12      36      112.293
12      37      103.609
12      38      140.219
12      39      105.451
12      40      147.291
12      41      155.637
12      42      130.915
12      43      140.05
12      44      134.504
12      45      147.912
12      46      120.625
12      47      130.74
12      48      150.704
12      49      186.688
12      50      119.772
12      51      165.936
12      52      163.57
12      53      128.24
12      54      105.781
12      55      156.931
12      56      150.102
12      57      206.428
12      58      150.378
12      59      167.48
12      60      123.947
12      61      139.921
12      62      149.67
12      63      127.866
12      64      149.071
12      65      122.438
12      66      126.176
12      67      109.051
12      68      86.4655
12      69      88.2088
12      70      142.484
12      71      131.866
13      0      207.839
13      1      132.224
13      2      148.726
13      3      96.1963
13      4      190.875
13      5      145.182
13      6      163.972
13      7      148.083
13      8      115.319
13      9      143.837
13      10      137.16
13      11      172.119
13      12      113.632
13      13      139.969
13      14      152.023
13      15      136.115
13      16      172.087
13      17      114.174
13      18      99.5594
13      19      198.597
13      20      157.615
13      21      109.075
13      22      126.414
13      23      112.356
13      24      165.938
13      25      117.056
13      26      154.256
13      27      87.6303
13      28      152.992
13      29      121.254
13      30      155.307
13      31      116.991
13      32      144.492
13      33      141.938
13      34      123.552
13      35      128.86
13      36      197.495
13      37      115.371
13      38      160.163
13      39      130.965
13      40      179.969
13      41      150.48
13      42      160.892
13      43      176.992
13      44      173.916
13      45      167.117
13      46      203.413
13      47      115.063
13      48      186.666
13      49      182.621
13      50      154.243
13      51      152.857
13      52      147.066
13      53      175.692
13      54      152.469
13      55      120.282
13      56      154.557
13      57      183.23
13      58      143.473
13      59      166.81
13      60      144.877
13      61      142.408
13      62      201.865
13      63      171.472
13      64      170.618
13      65      108.275
13      66      131.922
13      67      123.563
13      68      127.073
13      69      185.27
13      70      174.506
13      71      126.448
14      0      87.1488
14      1      126.443
14      2      116.207
14      3      82.6205
14      4      116.964
14      5      114.57
14      6      152.744
14      7      116.318
14      8      177.974
14      9      127.761
14      10      121.71
14      11      150.122
14      12      124.488
14      13      156.855
14      14      146.664
14      15      126.525
14      16      158.589
14      17      82.2819
14      18      124.397
14      19      90.8584
14      20      95.6426
14      21      114.455
14      22      94.3361
14      23      118.932
14      24      120.776
14      25      157.46
14      26      148.409
14      27      128.469
14      28      89.4381
14      29      124.868
14      30      126.364
14      31      95.5554
14      32      120.516
14      33      82.4957
14      34      126.111
14      35      148.762
14      36      142.106
14      37      191.208
14      38      145.185
14      39      189.282
14      40      153.24
14      41      152.268
14      42      142.784
14      43      147.142
14      44      172.896
14      45      157.293
14      46      175.013
14      47      148.493
14      48      136.474
14      49      199.265
14      50      159.572
14      51      196.91
14      52      153.255
14      53      137.693
14      54      142.631
14      55      181.278
14      56      170.768
14      57      165.611
14      58      133.759
14      59      163.767
14      60      149.736
14      61      163.966
14      62      192.068
14      63      192.451
14      64      194.211
14      65      165.557
14      66      169.822
14      67      189.948
14      68      170.733
14      69      197.375
14      70      159.228
14      71      132.128
15      0      164.29
15      1      153.663
15      2      125.629
15      3      94.7877
15      4      84.3906
15      5      134.864
15      6      71.2014
15      7      151.68
15      8      141.683
15      9      113.586
15      10      124.355
15      11      92.742
15      12      99.5759
15      13      116.896
15      14      102.393
15      15      72.6882
15      16      147.61
15      17      116.827
15      18      94.715
15      19      92.6744
15      20      39.9141
15      21      181.366
15      22      128.587
15      23      70.9872
15      24      145.913
15      25      142.462
15      26      134.581
15      27      122.689
15      28      123.022
15      29      108.095
15      30      177.702
15      31      111.382
15      32      114.913
15      33      91.1992
15      34      120.957
15      35      120.625
15      36      198.877
15      37      201.493
15      38      109.629
15      39      127.393
15      40      140.845
15      41      181.319
15      42      165.132
15      43      150.869
15      44      146.699
15      45      155.478
15      46      188.377
15      47      171.57
15      48      168.925
15      49      110.231
15      50      156.587
15      51      113.314
15      52      135.597
15      53      203.451
15      54      149.703
15      55      93.1847
15      56      144.36
15      57      116.673
15      58      154.028
15      59      180.649
15      60      139.324
15      61      155.336
15      62      136.178
15      63      132.648
15      64      170.097
15      65      99.3055
15      66      134.226
15      67      156.349
15      68      139.502
15      69      178.542
15      70      126.139
15      71      130.103
16      0      150.075
16      1      162.099
16      2      196.665
16      3      149.331
16      4      171.481
16      5      166.33
16      6      143.074
16      7      100.136
16      8      150.215
16      9      151.227
16      10      164.536
16      11      132.313
16      12      178.044
16      13      125.616
16      14      185.143
16      15      172.878
16      16      137.652
16      17      170.842
16      18      141.841
16      19      153.614
16      20      135.474
16      21      185.801
16      22      140.135
16      23      143.736
16      24      157.495
16      25      147.604
16      26      167.926
16      27      174.335
16      28      175.116
16      29      156.284
16      30      124.739
16      31      119.514
16      32      146.331
16      33      149.73
16      34      161.599
16      35      169.762
16      36      181.363
16      37      123.904
16      38      127.177
16      39      144.005
16      40      187.427
16      41      128.379
16      42      149.661
16      43      156.899
16      44      166.3
16      45      152.244
16      46      163.279
16      47      148.264
16      48      148.084
16      49      148.906
16      50      151.285
16      51      151.058
16      52      165.505
16      53      151.363
16      54      148.555
16      55      181.64
16      56      33.2408
16      57      194.836
16      58      109.602
16      59      125.013
16      60      195.309
16      61      171.799
16      62      118.733
16      63      130.319
16      64      156.209
16      65      121.012
16      66      156.467
16      67      163.364
16      68      133.78
16      69      125.653
16      70      84.3228
16      71      143.754
17      0      164.589
17      1      109.828
17      2      128.966
17      3      99.367
17      4      172.47
17      5      127.188
17      6      130.261
17      7      93.7941
17      8      162.947
17      9      167.86
17      10      98.6454
17      11      116.437
17      12      142.352
17      13      133.234
17      14      183.252
17      15      120.169
17      16      139.255
17      17      137.751
17      18      101.965
17      19      171.001
17      20      141.531
17      21      115.767
17      22      63.5129
17      23      150.568
17      24      94.836
17      25      144.132
17      26      139.378
17      27      104.79
17      28      123.498
17      29      128.505
17      30      112.867
17      31      101.51
17      32      121.201
17      33      118.428
17      34      106.343
17      35      140.828
17      36      171.633
17      37      158.414
17      38      135.999
17      39      154.902
17      40      178.586
17      41      151.737
17      42      163.313
17      43      177.562
17      44      153.63
17      45      185.412
17      46      169.86
17      47      161.927
17      48      186.897
17      49      165.974
17      50      166.994
17      51      154.573
17      52      149.888
17      53      154.191
17      54      135.862
17      55      187.034
17      56      134.447
17      57      135.148
17      58      155.962
17      59      174.353
17      60      160.688
17      61      129.939
17      62      178.952
17      63      171.969
17      64      158.093
17      65      122.749
17      66      105.198
17      67      133.712
17      68      153.672
17      69      106.424
17      70      163.168
17      71      124.139
