0      0      187.728
0      1      187.607
0      2      189.416
0      3      189.578
0      4      181.989
0      5      186.654
0      6      157.039
0      7      156.895
0      8      148.342
0      9      164.526
0      10      176.618
0      11      244.373
0      12      127.511
0      13      152.834
0      14      184.461
0      15      250.142
0      16      122.543
0      17      233.471
0      18      254.154
0      19      174.006
0      20      187.897
0      21      252.02
0      22      251.084
0      23      156.015
0      24      156.28
0      25      142.773
0      26      251.426
0      27      251.714
0      28      144.45
0      29      148.597
0      30      147.937
0      31      157.176
0      32      1022.26
0      33      764.66
0      34      232.983
0      35      233.719
0      36      143.335
0      37      246.33
0      38      232.284
0      39      180.959
0      40      182.411
0      41      174.582
0      42      240.675
0      43      249.094
0      44      185.124
0      45      156.024
0      46      199.342
0      47      239.857
0      48      208.044
0      49      223.327
0      50      194.951
0      51      211.575
0      52      148.733
0      53      151.98
0      54      179.803
0      55      186.639
0      56      153.307
0      57      219.739
0      58      181.318
0      59      178.489
0      60      158.372
0      61      140.107
0      62      159.886
0      63      107.016
0      64      142.521
0      65      140.875
0      66      122.821
0      67      155.105
0      68      160.947
0      69      167.65
0      70      181.371
0      71      147.895
1      0      132.45
1      1      112.478
1      2      143.069
1      3      105.453
1      4      149.53
1      5      99.7392
1      6      112.545
1      7      129.496
1      8      122.567
1      9      124.608
1      10      75.4485
1      11      109.653
1      12      154.4
1      13      149.525
1      14      183.726
1      15      106.83
1      16      169.269
1      17      152.35
1      18      173.185
1      19      121.229
1      20      111.208
1      21      134.76
1      22      125.804
1      23      122.787
1      24      130.71
1      25      115.312
1      26      111.31
1      27      124.19
1      28      138.195
1      29      115.976
1      30      131.375
1      31      151.235
1      32      103.411
1      33      132.041
1      34      123.279
1      35      151.903
1      36      114.712
1      37      104.732
1      38      124.389
1      39      108.651
1      40      185.751
1      41      97.1286
1      42      122.375
1      43      149.331
1      44      141.213
1      45      153.887
1      46      119.879
1      47      139.668
1      48      171.638
1      49      132.566
1      50      155.073
1      51      148.195
1      52      145.169
1      53      116.163
1      54      141.438
1      55      194.976
1      56      136.189
1      57      148.742
1      58      130.042
1      59      144.998
1      60      156.28
1      61      106.134
1      62      133.37
1      63      101.869
1      64      85.4366
1      65      146.239
1      66      93.8892
1      67      102.055
1      68      136.859
1      69      138.039
1      70      143.729
1      71      132.232
2      0      124.732
2      1      163.051
2      2      101.651
2      3      114.77
2      4      176.638
2      5      137.47
2      6      127.6
2      7      94.4061
2      8      168.893
2      9      105.921
2      10      134.616
2      11      92.9035
2      12      107.889
2      13      91.9351
2      14      134.692
2      15      142.996
2      16      160.754
2      17      153.61
2      18      137.719
2      19      153.296
2      20      158.214
2      21      116.101
2      22      108.324
2      23      57.128
2      24      127.227
2      25      96.1508
2      26      97.4917
2      27      90.8243
2      28      110.589
2      29      141.147
2      30      86.9142
2      31      145.766
2      32      76.4761
2      33      101.21
2      34      109.899
2      35      148.205
2      36      142.538
2      37      113.661
2      38      140.827
2      39      86.0428
2      40      140.387
2      41      101.787
2      42      128.148
2      43      144.875
2      44      88.2318
2      45      123.69
2      46      182.572
2      47      119.074
2      48      113.74
2      49      151.231
2      50      133.253
2      51      112.982
2      52      123.784
2      53      110.458
2      54      120.391
2      55      155.674
2      56      117.271
2      57      113.651
2      58      157.363
2      59      168.121
2      60      169.337
2      61      109.458
2      62      158.37
2      63      85.8139
2      64      140.308
2      65      118.832
2      66      148.357
2      67      114.592
2      68      79.4705
2      69      120.477
2      70      137.48
2      71      127.708
3      0      42.948
3      1      140.331
3      2      146.167
3      3      53.9585
3      4      132.506
3      5      55.6412
3      6      33.7626
3      7      128.159
3      8      174.761
3      9      9.41677
3      10      127.128
3      11      156.496
3      12      157.302
3      13      59.3531
3      14      159.354
3      15      33.2586
3      16      168.586
3      17      56.964
3      18      130.125
3      19      154.427
3      20      22.5003
3      21      48.9479
3      22      33.3062
3      23      134.961
3      24      15.2178
3      25      18.1659
3      26      28.1289
3      27      142.403
3      28      30.7649
3      29      146.119
3      30      43.9525
3      31      40.6764
3      32      43.5269
3      33      28.6163
3      34      150.016
3      35      31.5994
3      36      160.406
3      37      95.1574
3      38      135.743
3      39      118.072
3      40      98.617
3      41      83.5827
3      42      88.2783
3      43      133.669
3      44      74.2622
3      45      110.609
3      46      94.9504
3      47      125.476
3      48      97.5383
3      49      137.615
3      50      96.0083
3      51      95.3866
3      52      159.015
3      53      92.5865
3      54      121.565
3      55      162.782
3      56      116.851
3      57      99.3228
3      58      102.149
3      59      111.181
3      60      101.888
3      61      89.7576
3      62      156.185
3      63      124.457
3      64      123.622
3      65      105.593
3      66      53.7814
3      67      120.56
3      68      129.027
3      69      114.305
3      70      115.893
3      71      118.898
4      0      144.881
4      1      179.39
4      2      138.755
4      3      112.381
4      4      177.255
4      5      156.28
4      6      119.489
4      7      125.383
4      8      149.176
4      9      128.477
4      10      171.562
4      11      119.446
4      12      154.494
4      13      103.734
4      14      128.7
4      15      139.166
4      16      130.834
4      17      197.563
4      18      146.256
4      19      129.279
4      20      164.376
4      21      124.264
4      22      139.345
4      23      163.106
4      24      100.04
4      25      125.253
4      26      117.647
4      27      120.287
4      28      155.813
4      29      152.262
4      30      157.319
4      31      128.256
4      32      117.674
4      33      98.3544
4      34      88.9157
4      35      139.244
4      36      173.531
4      37      147.426
4      38      146.854
4      39      123.133
4      40      126.444
4      41      104.819
4      42      162.293
4      43      159.649
4      44      154.926
4      45      162.001
4      46      128.613
4      47      134.269
4      48      144.345
4      49      146.488
4      50      211.878
4      51      145.02
4      52      175.243
4      53      114.273
4      54      146.872
4      55      134.956
4      56      128.611
4      57      168.043
4      58      145.982
4      59      102.937
4      60      133.958
4      61      81.6942
4      62      134.391
4      63      159.537
4      64      120.476
4      65      149.203
4      66      114.797
4      67      98.1194
4      68      132.4
4      69      132.727
4      70      118.507
4      71      106.993
5      0      130.134
5      1      145.56
5      2      93.0717
5      3      133.663
5      4      129.233
5      5      98.5846
5      6      127.333
5      7      98.482
5      8      137.4
5      9      90.8496
5      10      120.745
5      11      90.8714
5      12      147.446
5      13      51.4756
5      14      67.2603
5      15      92.0444
5      16      124.124
5      17      125.149
5      18      94.7931
5      19      150.928
5      20      93.6332
5      21      133.764
5      22      97.7046
5      23      90.484
5      24      80.5358
5      25      104.047
5      26      114.673
5      27      153.434
5      28      111.397
5      29      132.389
5      30      91.5815
5      31      102.207
5      32      69.1533
5      33      81.4508
5      34      100.667
5      35      118.756
5      36      147.894
5      37      127.988
5      38      137.9
5      39      137.438
5      40      177.425
5      41      132.824
5      42      93.2001
5      43      120.253
5      44      159.13
5      45      144.251
5      46      128.692
5      47      132.62
5      48      129.406
5      49      129.334
5      50      172.302
5      51      150.846
5      52      116.652
5      53      153.786
5      54      120.427
5      55      104.592
5      56      142.801
5      57      140.363
5      58      145.469
5      59      124.94
5      60      128.332
5      61      93.0637
5      62      105.965
5      63      127.906
5      64      136.188
5      65      143.172
5      66      135.74
5      67      160.626
5      68      141.674
5      69      164.638
5      70      133.358
5      71      121.224
6      0      253.736
6      1      124.777
6      2      116.529
6      3      114.197
6      4      82.7348
6      5      138.433
6      6      169.352
6      7      172.412
6      8      88.546
6      9      140.763
6      10      248.087
6      11      126.111
6      12      254.06
6      13      186.622
6      14      152.316
6      15      154.469
6      16      142.919
6      17      142.074
6      18      126.013
6      19      125.8
6      20      237.21
6      21      153.773
6      22      146.402
6      23      132.511
6      24      252.441
6      25      124.607
6      26      124.723
6      27      124.316
6      28      123.559
6      29      247.466
6      30      252.595
6      31      252.435
6      32      141.577
6      33      250.953
6      34      123.219
6      35      251.761
6      36      172.019
6      37      170.207
6      38      174.183
6      39      189.715
6      40      189.013
6      41      182.017
6      42      181.809
6      43      149.389
6      44      221.655
6      45      256.065
6      46      169.962
6      47      174.18
6      48      157.002
6      49      222.445
6      50      255.021
6      51      243.17
6      52      229.617
6      53      210.012
6      54      161.556
6      55      190.471
6      56      191.636
6      57      159.858
6      58      188.709
6      59      188.323
6      60      228.302
6      61      243.572
6      62      253.429
6      63      142.745
6      64      189.129
6      65      189.355
6      66      183.817
6      67      167.326
6      68      150.11
6      69      155.262
6      70      154.809
6      71      170.568
7      0      118.212
7      1      253.438
7      2      252.801
7      3      122.364
7      4      250.882
7      5      188.765
7      6      156.821
7      7      251.094
7      8      123.717
7      9      122.61
7      10      107.095
7      11      239.754
7      12      255.234
7      13      255.13
7      14      251.548
7      15      253.737
7      16      159.57
7      17      156.565
7      18      113.171
7      19      110.982
7      20      244.052
7      21      254.123
7      22      125.571
7      23      234.566
7      24      171.824
7      25      235.5
7      26      235.972
7      27      251.477
7      28      124.667
7      29      252.127
7      30      154.872
7      31      155.163
7      32      222.471
7      33      223.168
7      34      242.976
7      35      242.132
7      36      216.748
7      37      249.385
7      38      249.793
7      39      178.978
7      40      148.791
7      41      159.716
7      42      157.277
7      43      183.777
7      44      213.97
7      45      174.616
7      46      195.111
7      47      189.471
7      48      149.086
7      49      185.202
7      50      158.12
7      51      189.499
7      52      191.3
7      53      189.79
7      54      158.853
7      55      189.336
7      56      207.118
7      57      167.299
7      58      162.101
7      59      247.612
7      60      195.121
7      61      185.193
7      62      149.421
7      63      252.915
7      64      173.038
7      65      156.74
7      66      179.153
7      67      248.938
7      68      164.142
7      69      144.829
7      70      157.517
7      71      149.157
8      0      158.506
8      1      130.152
8      2      132.72
8      3      71.0116
8      4      122.934
8      5      115.686
8      6      129.736
8      7      116.803
8      8      144.237
8      9      106.762
8      10      138.335
8      11      151.066
8      12      126.422
8      13      128.474
8      14      142.739
8      15      118.377
8      16      129.606
8      17      162.863
8      18      141.677
8      19      164.026
8      20      126.433
8      21      169.908
8      22      143.571
8      23      94.5381
8      24      104.555
8      25      121.079
8      26      100.278
8      27      146.944
8      28      113.103
8      29      145.824
8      30      123.958
8      31      156.118
8      32      126.505
8      33      135.467
8      34      103.135
8      35      185.413
8      36      160.855
8      37      143.971
8      38      166.982
8      39      164.766
8      40      110.673
8      41      118.733
8      42      165.834
8      43      166.482
8      44      139.792
8      45      110.682
8      46      205.059
8      47      112.588
8      48      137.759
8      49      156.517
8      50      146.306
8      51      134.405
8      52      124.714
8      53      149.497
8      54      138.304
8      55      132.351
8      56      181.443
8      57      137.033
8      58      133.336
8      59      147.158
8      60      112.916
8      61      147.078
8      62      145.717
8      63      160.225
8      64      122.428
8      65      166.45
8      66      120.067
8      67      148.311
8      68      153.185
8      69      109.341
8      70      112.87
8      71      131.001
9      0      129.745
9      1      85.6015
9      2      149.423
9      3      97.2928
9      4      140.209
9      5      87.4348
9      6      88.765
9      7      101.277
9      8      113.258
9      9      70.3531
9      10      129.914
9      11      119.351
9      12      116.912
9      13      114.634
9      14      134.991
9      15      123.551
9      16      114.707
9      17      129.016
9      18      122.374
9      19      120.218
9      20      127.477
9      21      103.072
9      22      100.707
9      23      131.926
9      24      82.9021
9      25      106.47
9      26      129.072
9      27      115.188
9      28      107.355
9      29      92.2995
9      30      93.9586
9      31      137.467
9      32      108.052
9      33      106.631
9      34      127.732
9      35      130.226
9      36      150.559
9      37      139.856
9      38      157.491
9      39      159.865
9      40      222.585
9      41      132.895
9      42      102.674
9      43      145.016
9      44      166.975
9      45      116.534
9      46      158.146
9      47      113.06
9      48      124.515
9      49      136.642
9      50      185.334
9      51      149.581
9      52      170.979
9      53      155.024
9      54      135.837
9      55      182.783
9      56      138.803
9      57      123.445
9      58      142.926
9      59      160.533
9      60      147.524
9      61      114.013
9      62      121.387
9      63      129.616
9      64      162.567
9      65      119.596
9      66      150.075
9      67      158.186
9      68      118.618
9      69      161.275
9      70      156.769
9      71      131.32
10      0      164.266
10      1      159.798
10      2      176.795
10      3      144.815
10      4      179.475
10      5      183.666
10      6      197.831
10      7      131.526
10      8      140.801
10      9      133.347
10      10      136.619
10      11      165.923
10      12      159.236
10      13      147.604
10      14      170.942
10      15      163.11
10      16      125.287
10      17      179.993
10      18      132.385
10      19      157.288
10      20      178.59
10      21      162.633
10      22      129.415
10      23      179.374
10      24      160.006
10      25      182.235
10      26      141.349
10      27      146.321
10      28      152.879
10      29      162.54
10      30      147.802
10      31      162.928
10      32      161.417
10      33      162.545
10      34      132.515
10      35      154.397
10      36      165.13
10      37      161.271
10      38      160.817
10      39      154.092
10      40      153.052
10      41      106.697
10      42      140.731
10      43      152.875
10      44      132.921
10      45      94.7305
10      46      150.898
10      47      134.617
10      48      115.346
10      49      132.935
10      50      185.453
10      51      148.874
10      52      145.472
10      53      142.052
10      54      101.514
10      55      207.712
10      56      172.459
10      57      157.117
10      58      140.042
10      59      173.932
10      60      114.823
10      61      136.892
10      62      146.327
10      63      79.3154
10      64      137.486
10      65      138.889
10      66      134.956
10      67      150.164
10      68      154.071
10      69      155.535
10      70      156.384
10      71      146.793
11      0      118.958
11      1      119.37
11      2      157.848
11      3      87.1065
11      4      189.288
11      5      141.965
11      6      165.795
11      7      135.227
11      8      177.268
11      9      124.039
11      10      78.71
11      11      160.846
11      12      170.246
11      13      105.493
11      14      172.098
11      15      156.589
11      16      111.288
11      17      114.074
11      18      138.372
11      19      142.294
11      20      147.119
11      21      153.146
11      22      68.8746
11      23      147.667
11      24      97.0529
11      25      92.0115
11      26      133.847
11      27      110.017
11      28      139.728
11      29      132.536
11      30      114.376
11      31      139.45
11      32      114.885
11      33      80.3128
11      34      69.5485
11      35      147.726
11      36      199.777
11      37      179.689
11      38      164.428
11      39      130.654
11      40      186.844
11      41      165.831
11      42      136.229
11      43      202.746
11      44      208.172
11      45      178.196
11      46      204.331
11      47      146.282
11      48      153.373
11      49      155.593
11      50      175.591
11      51      168.682
11      52      205.506
11      53      173.149
11      54      163.061
11      55      191.169
11      56      195.879
11      57      146.67
11      58      186.164
11      59      206.683
11      60      203.921
11      61      148.066
11      62      118.19
11      63      116.347
11      64      143.034
11      65      183.272
11      66      177.655
11      67      158.884
11      68      197.062
11      69      147.408
11      70      182.951
11      71      122.87
12      0      136.399
12      1      126.906
12      2      106.497
12      3      151.993
12      4      136.688
12      5      125.202
12      6      91.5947
12      7      151.388
12      8      105.377
12      9      125.329
12      10      112.344
12      11      110.23
12      12      121.756
12      13      109.589
12      14      129.798
12      15      119.466
12      16      121.456
12      17      132.666
12      18      145.96
12      19      61.9036
12      20      143.149
12      21      92.6012
12      22      138.933
12      23      63.4745
12      24      118.726
12      25      112.264
12      26      77.9885
12      27      123.845
12      28      152.804
12      29      125.982
12      30      96.916
12      31      99.9368
12      32      90.5693
12      33      108.323
12      34      150.634
12      35      138.931
12      36      111.432
12      37      107.32
12      38      142.582
12      39      108.952
12      40      142.399
12      41      158.181
12      42      132.722
12      43      138.244
12      44      130.247
12      45      145.512
12      46      119.078
12      47      132.992
12      48      151.284
12      49      181.601
12      50      117.311
12      51      166.595
12      52      161.096
12      53      129.735
12      54      107.866
12      55      149.292
12      56      146.505
12      57      198.422
12      58      151.185
12      59      164.488
12      60      123.587
12      61      141.436
12      62      146.088
12      63      129.585
12      64      150.39
12      65      119.658
12      66      124.094
12      67      112.324
12      68      89.4454
12      69      87.9602
12      70      145.021
12      71      134.442
13      0      208.11
13      1      132.182
13      2      151.283
13      3      92.5996
13      4      197.71
13      5      147.523
13      6      168.081
13      7      146.105
13      8      117.157
13      9      142.145
13      10      135.708
13      11      173.862
13      12      114.855
13      13      138.567
13      14      154.766
13      15      137.908
13      16      176.616
13      17      114.206
13      18      99.2941
13      19      206.334
13      20      161.973
13      21      110.449
13      22      124.842
13      23      113.654
13      24      168.739
13      25      114.777
13      26      153.335
13      27      84.4816
13      28      152.815
13      29      121.654
13      30      152.775
13      31      114.743
13      32      142.351
13      33      139.699
13      34      120.713
13      35      129.214
13      36      202.025
13      37      112.9
13      38      159.195
13      39      128.566
13      40      184.42
13      41      148.878
13      42      160.136
13      43      178.835
13      44      176.784
13      45      169.608
13      46      208.563
13      47      112.612
13      48      186.796
13      49      186.606
13      50      155.817
13      51      152.047
13      52      146.987
13      53      175.981
13      54      152.025
13      55      121.937
13      56      155.182
13      57      189.037
13      58      142.74
13      59      168.748
13      60      144.712
13      61      141.759
13      62      205.134
13      63      170.72
13      64      170.182
13      65      109.589
13      66      130.716
13      67      121.468
13      68      124.952
13      69      187.725
13      70      173.401
13      71      123.793
14      0      89.8974
14      1      115.462
14      2      118.358
14      3      82.617
14      4      124.747
14      5      101.665
14      6      162.444
14      7      100.763
14      8      175.64
14      9      131.171
14      10      124.998
14      11      139.266
14      12      116.474
14      13      144.844
14      14      141.327
14      15      133.332
14      16      157.704
14      17      74.0646
14      18      114.556
14      19      98.4541
14      20      86.414
14      21      122.885
14      22      79.7288
14      23      110.901
14      24      127.521
14      25      161.153
14      26      135.228
14      27      130.775
14      28      92.1825
14      29      130.46
14      30      127.556
14      31      97.776
14      32      122.089
14      33      82.7952
14      34      111.443
14      35      156.251
14      36      143.055
14      37      189.694
14      38      143.716
14      39      187.309
14      40      158.041
14      41      150.194
14      42      140.678
14      43      146
14      44      180.034
14      45      158.398
14      46      179.692
14      47      147.034
14      48      135.216
14      49      205.732
14      50      164.216
14      51      197.554
14      52      155.956
14      53      136.987
14      54      140.706
14      55      188.797
14      56      172.442
14      57      170.091
14      58      131.702
14      59      165.932
14      60      149.336
14      61      163.098
14      62      195.571
14      63      191.401
14      64      193.607
14      65      168.745
14      66      170.453
14      67      189.114
14      68      169.35
14      69      201.26
14      70      156.884
14      71      129.115
15      0      162.529
15      1      135.946
15      2      105.709
15      3      94.9815
15      4      145.536
15      5      127.756
15      6      161.68
15      7      151.621
15      8      127.817
15      9      134.649
15      10      102.985
15      11      111.029
15      12      130.951
15      13      112.83
15      14      83.8356
15      15      157.57
15      16      127.449
15      17      155.291
15      18      105.164
15      19      92.1199
15      20      189.47
15      21      140.442
15      22      81.7831
15      23      158.077
15      24      151.755
15      25      144.293
15      26      132.894
15      27      133.759
15      28      118.882
15      29      187.383
15      30      122.284
15      31      125.038
15      32      102.781
15      33      131.309
15      34      131.667
15      35      117.869
15      36      199.671
15      37      110.706
15      38      128.742
15      39      141.581
15      40      181.638
15      41      165.62
15      42      151.807
15      43      148.348
15      44      159.089
15      45      188.056
15      46      173.362
15      47      169.015
15      48      110.773
15      49      158.23
15      50      113.172
15      51      136.19
15      52      201.988
15      53      152.846
15      54      93.4461
15      55      148.696
15      56      118.092
15      57      158.535
15      58      180.468
15      59      141.591
15      60      156.2
15      61      136.925
15      62      134.284
15      63      170.605
15      64      99.7898
15      65      134.484
15      66      157.607
15      67      140.018
15      68      179.151
15      69      128.052
15      70      130.988
15      71      132.579
16      0      150.585
16      1      165.004
16      2      199.635
16      3      147.661
16      4      174.228
16      5      169.263
16      6      145.871
16      7      97.6537
16      8      151.406
16      9      149.277
16      10      163.664
16      11      133.207
16      12      179.069
16      13      123.847
16      14      185.82
16      15      174.373
16      16      138.416
16      17      171.985
16      18      143.234
16      19      154.031
16      20      137.078
16      21      186.161
16      22      137.757
16      23      143.42
16      24      158.304
16      25      145.91
16      26      166.42
16      27      173.111
16      28      174.787
16      29      156.826
16      30      123.316
16      31      118.095
16      32      145.315
16      33      148.077
16      34      160.178
16      35      171.299
16      36      182.926
16      37      122.16
16      38      126.322
16      39      142.615
16      40      189.464
16      41      126.924
16      42      149.094
16      43      159.054
16      44      167.93
16      45      154.366
16      46      165.958
16      47      147.255
16      48      148.391
16      49      151.255
16      50      152.436
16      51      150.481
16      52      166.038
16      53      150.677
16      54      148.359
16      55      182.839
16      56      30.7604
16      57      195.652
16      58      108.473
16      59      124.948
16      60      197.333
16      61      171.163
16      62      119.439
16      63      129.429
16      64      156.133
16      65      122.433
16      66      158.846
16      67      163.051
16      68      132.528
16      69      127.12
16      70      82.9887
16      71      143.293
17      0      165.607
17      1      109.949
17      2      128.263
17      3      101.689
17      4      169.731
17      5      126.354
17      6      128.09
17      7      95.7178
17      8      158.358
17      9      169.975
17      10      100.423
17      11      116.375
17      12      138.305
17      13      134.253
17      14      182.084
17      15      120.052
17      16      139.283
17      17      135.712
17      18      100.899
17      19      168.102
17      20      139.319
17      21      113.329
17      22      66.0598
17      23      146.822
17      24      96.1392
17      25      145.814
17      26      140.721
17      27      106.419
17      28      124.224
17      29      127.415
17      30      114.192
17      31      103.219
17      32      122.182
17      33      119.953
17      34      107.947
17      35      139.881
17      36      171.337
17      37      160.264
17      38      137.486
17      39      156.527
17      40      176.905
17      41      149.036
17      42      164.278
17      43      176.335
17      44      151.117
17      45      184.118
17      46      167.718
17      47      163.57
17      48      188.135
17      49      163.921
17      50      163.695
17      51      155.702
17      52      150.003
17      53      155.063
17      54      136.905
17      55      184.157
17      56      133.036
17      57      134.103
17      58      156.574
17      59      173.2
17      60      160.137
17      61      130.712
17      62      177.448
17      63      172.99
17      64      159.595
17      65      121.241
17      66      105.133
17      67      135.068
17      68      154.437
17      69      107.335
17      70      164.166
17      71      125.518
