0      0      189.049
0      1      188.958
0      2      189.166
0      3      256.29
0      4      256.905
0      5      186.495
0      6      156.48
0      7      156.22
0      8      254.421
0      9      255.276
0      10      161.43
0      11      248.826
0      12      125.701
0      13      253.606
0      14      159.162
0      15      222.245
0      16      122.934
0      17      234.738
0      18      157.286
0      19      163.854
0      20      187.119
0      21      251.677
0      22      250.459
0      23      155.34
0      24      155.484
0      25      144.678
0      26      253.163
0      27      253.148
0      28      147.031
0      29      148.249
0      30      149.692
0      31      158.911
0      32      1024.51
0      33      812.038
0      34      235.924
0      35      221.764
0      36      141.898
0      37      239.19
0      38      235.882
0      39      181.802
0      40      181.655
0      41      162.834
0      42      244.875
0      43      248.334
0      44      184.091
0      45      154.961
0      46      196.816
0      47      193.769
0      48      209.176
0      49      221.424
0      50      192.589
0      51      150.725
0      52      150.059
0      53      149.723
0      54      165.579
0      55      186.853
0      56      152.834
0      57      216.221
0      58      183.782
0      59      179.614
0      60      157.423
0      61      143.973
0      62      156.821
0      63      110.276
0      64      142.924
0      65      139.885
0      66      122.977
0      67      156.446
0      68      171.159
0      69      167.361
0      70      182.016
0      71      149.809
1      0      135.489
1      1      106.017
1      2      140.045
1      3      107.985
1      4      141.297
1      5      98.5278
1      6      111.552
1      7      131.704
1      8      120.381
1      9      127.884
1      10      78.7821
1      11      108.075
1      12      152.545
1      13      153.218
1      14      189.59
1      15      105.561
1      16      174.461
1      17      152.386
1      18      172.765
1      19      118.338
1      20      109.672
1      21      131.71
1      22      129.266
1      23      121.035
1      24      129.557
1      25      117.17
1      26      112.135
1      27      125.252
1      28      137.916
1      29      112.832
1      30      131.838
1      31      152.04
1      32      103.296
1      33      132.94
1      34      123.495
1      35      150.154
1      36      115.38
1      37      106.984
1      38      127.376
1      39      110.516
1      40      186.878
1      41      99.2482
1      42      124.65
1      43      146.713
1      44      139.031
1      45      146.742
1      46      119.132
1      47      141.777
1      48      172.359
1      49      126.131
1      50      152.73
1      51      151.151
1      52      146.197
1      53      118.192
1      54      142.767
1      55      194.732
1      56      128.625
1      57      136.885
1      58      130.721
1      59      143.307
1      60      154.254
1      61      108.759
1      62      126.03
1      63      102.238
1      64      86.2459
1      65      145.254
1      66      93.2313
1      67      104.095
1      68      136.31
1      69      132.913
1      70      142.943
1      71      131.344
2      0      126.365
2      1      160.63
2      2      100.179
2      3      115.602
2      4      178.29
2      5      132.49
2      6      125.58
2      7      94.4405
2      8      169
2      9      107.093
2      10      134.81
2      11      94.5184
2      12      105.697
2      13      92.557
2      14      134.856
2      15      141.968
2      16      166.956
2      17      153.969
2      18      136.881
2      19      154.39
2      20      157.334
2      21      114.578
2      22      109.338
2      23      65.6202
2      24      126.004
2      25      96.1962
2      26      97.098
2      27      89.9479
2      28      109.95
2      29      140.642
2      30      86.1012
2      31      146.245
2      32      76.9184
2      33      101.303
2      34      108.915
2      35      147.905
2      36      141.866
2      37      114.506
2      38      142.72
2      39      87.5437
2      40      138.781
2      41      102.162
2      42      129.868
2      43      142.422
2      44      93.3022
2      45      121.78
2      46      183.759
2      47      119.035
2      48      114.192
2      49      149.538
2      50      129.234
2      51      113.581
2      52      125.424
2      53      111.002
2      54      120.29
2      55      154.849
2      56      114.623
2      57      118.169
2      58      158.44
2      59      168.954
2      60      168.247
2      61      110.267
2      62      155.63
2      63      87.0997
2      64      139.989
2      65      101.36
2      66      142.431
2      67      113.52
2      68      79.4791
2      69      117.208
2      70      136.044
2      71      125.944
3      0      43.7756
3      1      138.703
3      2      145.059
3      3      54.5605
3      4      133.31
3      5      53.5721
3      6      34.6558
3      7      129.89
3      8      174.711
3      9      11.9117
3      10      62.3389
3      11      156.083
3      12      155.863
3      13      58.6281
3      14      164.516
3      15      33.25
3      16      170.424
3      17      54.6076
3      18      131.389
3      19      154.245
3      20      26.6961
3      21      47.2764
3      22      34.2582
3      23      135.235
3      24      16.8941
3      25      19.2152
3      26      28.8028
3      27      142.56
3      28      31.4665
3      29      146.056
3      30      42.9804
3      31      39.951
3      32      42.0839
3      33      28.5459
3      34      149.285
3      35      31.8838
3      36      165.242
3      37      95.5257
3      38      137.519
3      39      118.515
3      40      98.5176
3      41      84.3304
3      42      89.5012
3      43      132.192
3      44      78.0699
3      45      108.837
3      46      93.2486
3      47      126.573
3      48      97.1324
3      49      136.707
3      50      94.731
3      51      95.7184
3      52      164.541
3      53      93.7217
3      54      121.555
3      55      163.184
3      56      114.813
3      57      96.3227
3      58      101.543
3      59      110.012
3      60      99.9065
3      61      89.7808
3      62      154.554
3      63      123.718
3      64      123.404
3      65      104.232
3      66      53.2497
3      67      119.491
3      68      128.075
3      69      112.493
3      70      114.7
3      71      117.61
4      0      147.65
4      1      178.194
4      2      137.329
4      3      114.937
4      4      172.933
4      5      155.073
4      6      118.329
4      7      128.618
4      8      145.917
4      9      131.085
4      10      173.611
4      11      119.051
4      12      147.469
4      13      105.15
4      14      128.692
4      15      138.194
4      16      131.229
4      17      197.027
4      18      145.225
4      19      129.06
4      20      163.646
4      21      121.52
4      22      141.64
4      23      161.746
4      24      101.7
4      25      128.507
4      26      119.419
4      27      121.164
4      28      156.543
4      29      149.785
4      30      158.745
4      31      130.141
4      32      118.026
4      33      101.944
4      34      91.4515
4      35      137.526
4      36      174.418
4      37      148.779
4      38      149.255
4      39      124.367
4      40      123.842
4      41      106.288
4      42      164.98
4      43      156.576
4      44      151.923
4      45      158.515
4      46      125.76
4      47      135.513
4      48      144.958
4      49      142.94
4      50      211.306
4      51      147.605
4      52      179.129
4      53      114.929
4      54      147.606
4      55      127.841
4      56      127.268
4      57      165.042
4      58      146.579
4      59      105.224
4      60      131.705
4      61      84.658
4      62      131.588
4      63      159.817
4      64      120.678
4      65      126.778
4      66      112.311
4      67      98.733
4      68      132.54
4      69      129.215
4      70      118.179
4      71      107.271
5      0      132.565
5      1      143.587
5      2      92.204
5      3      133.667
5      4      129.155
5      5      96.705
5      6      126.744
5      7      98.7224
5      8      136.68
5      9      91.444
5      10      120.776
5      11      89.3852
5      12      148.486
5      13      51.9357
5      14      73.2696
5      15      90.3771
5      16      127.502
5      17      125.741
5      18      93.5171
5      19      154.112
5      20      92.9684
5      21      138.702
5      22      98.3007
5      23      93.0473
5      24      80.8118
5      25      103.982
5      26      114.154
5      27      153.088
5      28      110.717
5      29      131.781
5      30      90.4172
5      31      101.502
5      32      68.0752
5      33      80.8489
5      34      98.924
5      35      117.641
5      36      151.862
5      37      128.49
5      38      139.483
5      39      138.035
5      40      181.886
5      41      132.98
5      42      94.5209
5      43      118.307
5      44      160.77
5      45      143.542
5      46      127.003
5      47      133.541
5      48      129.579
5      49      127.605
5      50      173.883
5      51      152.135
5      52      117.711
5      53      155.386
5      54      120.154
5      55      104.247
5      56      140.793
5      57      139.859
5      58      145.58
5      59      124.134
5      60      126.717
5      61      94.1082
5      62      105.852
5      63      126.659
5      64      135.666
5      65      142.798
5      66      131.766
5      67      160.101
5      68      140.522
5      69      162.857
5      70      132.089
5      71      119.349
6      0      254.612
6      1      125.742
6      2      110.853
6      3      112.603
6      4      84.8607
6      5      134.309
6      6      126.157
6      7      171.452
6      8      90.5943
6      9      138.959
6      10      250.925
6      11      125.676
6      12      253.829
6      13      185.801
6      14      155.434
6      15      155.117
6      16      142.389
6      17      142.314
6      18      125.708
6      19      124.72
6      20      237.116
6      21      140.347
6      22      140.843
6      23      134.513
6      24      251.486
6      25      124.931
6      26      125.844
6      27      125.305
6      28      122.754
6      29      250.816
6      30      252.906
6      31      252.331
6      32      141.651
6      33      251.008
6      34      123.1
6      35      251.168
6      36      172.939
6      37      171.28
6      38      175.25
6      39      176.642
6      40      188.625
6      41      183.192
6      42      183.34
6      43      151.598
6      44      221.833
6      45      255.364
6      46      254.981
6      47      174.137
6      48      156.722
6      49      221.696
6      50      253.499
6      51      243.843
6      52      234.578
6      53      206.098
6      54      189.903
6      55      188.988
6      56      187.959
6      57      157.207
6      58      189.019
6      59      188.928
6      60      190.453
6      61      253.129
6      62      251.22
6      63      142.547
6      64      187.935
6      65      189.483
6      66      158.879
6      67      166.552
6      68      150.048
6      69      154.744
6      70      153.725
6      71      169.147
7      0      122.329
7      1      252.409
7      2      252.083
7      3      124.57
7      4      252.67
7      5      188.135
7      6      155.385
7      7      252.118
7      8      124.307
7      9      122.286
7      10      109.24
7      11      237.996
7      12      253.513
7      13      253.218
7      14      251.994
7      15      253.202
7      16      159.509
7      17      253.044
7      18      123.282
7      19      111.299
7      20      252.595
7      21      230.514
7      22      106.709
7      23      235.551
7      24      172.499
7      25      236.318
7      26      236.563
7      27      251.353
7      28      125.141
7      29      252.417
7      30      154.68
7      31      155.943
7      32      221.81
7      33      126.874
7      34      243.11
7      35      241.606
7      36      219.633
7      37      251.403
7      38      251.741
7      39      181.277
7      40      256.618
7      41      159.95
7      42      158.724
7      43      176.196
7      44      191.487
7      45      173.696
7      46      192.47
7      47      191.804
7      48      151.997
7      49      160.618
7      50      157.546
7      51      188.508
7      52      192.755
7      53      191.729
7      54      158.074
7      55      189.092
7      56      205.572
7      57      161.548
7      58      161.865
7      59      248.49
7      60      194.031
7      61      188.013
7      62      131.676
7      63      251.673
7      64      173.017
7      65      156.957
7      66      186.208
7      67      249.933
7      68      163.489
7      69      140.419
7      70      156.476
7      71      150.582
8      0      161.155
8      1      127.657
8      2      131.505
8      3      71.4273
8      4      122.61
8      5      113.843
8      6      128.521
8      7      116.837
8      8      144.276
8      9      107.126
8      10      138.453
8      11      150.056
8      12      125.098
8      13      129.54
8      14      145.906
8      15      116.645
8      16      132.646
8      17      164.488
8      18      141.667
8      19      168.934
8      20      126.194
8      21      172.894
8      22      144.508
8      23      92.5796
8      24      103.639
8      25      121.339
8      26      99.8838
8      27      146.986
8      28      112.843
8      29      145.684
8      30      122.768
8      31      156.378
8      32      125.308
8      33      135.456
8      34      101.742
8      35      186.895
8      36      162.164
8      37      144.59
8      38      169.14
8      39      165.603
8      40      110.341
8      41      118.937
8      42      167.81
8      43      165.209
8      44      139.565
8      45      111.941
8      46      205.296
8      47      113.238
8      48      138.02
8      49      155.167
8      50      145.225
8      51      134.867
8      52      124.535
8      53      150.456
8      54      138.509
8      55      130.898
8      56      180.702
8      57      135.83
8      58      133.241
8      59      147.081
8      60      111.92
8      61      147.958
8      62      143.846
8      63      160.135
8      64      121.923
8      65      165.585
8      66      117.515
8      67      147.769
8      68      152.458
8      69      108.102
8      70      113.119
8      71      130.212
9      0      131.835
9      1      85.8617
9      2      148.897
9      3      97.895
9      4      141.311
9      5      86.7972
9      6      88.0952
9      7      101.765
9      8      111.88
9      9      71.6013
9      10      131.013
9      11      118.515
9      12      116.964
9      13      115.898
9      14      138.731
9      15      122.734
9      16      117.919
9      17      129.736
9      18      122.175
9      19      122.726
9      20      127.35
9      21      100.811
9      22      101.312
9      23      131.813
9      24      82.0658
9      25      106.684
9      26      129.547
9      27      115.028
9      28      107.36
9      29      90.6342
9      30      93.4294
9      31      138.104
9      32      107.231
9      33      106.361
9      34      127.453
9      35      130.833
9      36      151.934
9      37      140.061
9      38      158.721
9      39      160.204
9      40      227.805
9      41      132.993
9      42      103.854
9      43      142.147
9      44      168.295
9      45      114.646
9      46      157.37
9      47      113.231
9      48      124.462
9      49      134.705
9      50      185.545
9      51      150.264
9      52      173.338
9      53      155.619
9      54      135.28
9      55      183.608
9      56      136.911
9      57      120.087
9      58      142.814
9      59      160.302
9      60      145.992
9      61      114.744
9      62      120.108
9      63      128.694
9      64      162.536
9      65      117.308
9      66      146.792
9      67      157.488
9      68      117.768
9      69      159.794
9      70      155.928
9      71      130.483
10      0      167.18
10      1      157.173
10      2      176.747
10      3      139.672
10      4      182.829
10      5      182.468
10      6      201.202
10      7      129.645
10      8      140.836
10      9      132.689
10      10      133.989
10      11      164.733
10      12      161.193
10      13      147.856
10      14      186.481
10      15      163.3
10      16      126.461
10      17      184.407
10      18      131.857
10      19      159.074
10      20      187.277
10      21      173.727
10      22      128.072
10      23      192.153
10      24      159.925
10      25      180.883
10      26      137.409
10      27      144.603
10      28      153.739
10      29      164.266
10      30      139.445
10      31      160.482
10      32      155.766
10      33      160.4
10      34      124.064
10      35      156.625
10      36      175.076
10      37      160.824
10      38      162.278
10      39      153.084
10      40      161.375
10      41      105.79
10      42      140.988
10      43      150.166
10      44      132.965
10      45      99.9
10      46      150.378
10      47      134.252
10      48      114.061
10      49      131.366
10      50      197.077
10      51      149.287
10      52      146.327
10      53      143.262
10      54      103.594
10      55      224.383
10      56      174.356
10      57      155.615
10      58      139.126
10      59      176.334
10      60      113.003
10      61      135.399
10      62      143.561
10      63      78.7387
10      64      136.058
10      65      138.077
10      66      126.965
10      67      147.472
10      68      151.78
10      69      154.745
10      70      152.96
10      71      141.595
11      0      121.571
11      1      117.519
11      2      155.722
11      3      91.8502
11      4      187.662
11      5      139.344
11      6      162.76
11      7      138.683
11      8      169.645
11      9      129.07
11      10      82.3698
11      11      160.146
11      12      166.437
11      13      108.499
11      14      171.45
11      15      155.082
11      16      110.049
11      17      112.578
11      18      135.234
11      19      134.061
11      20      143.987
11      21      150.658
11      22      75.063
11      23      136.638
11      24      97.3881
11      25      94.0286
11      26      135.559
11      27      111.388
11      28      141.059
11      29      130.708
11      30      116.343
11      31      141.48
11      32      116.219
11      33      84.4463
11      34      72.3661
11      35      146.101
11      36      200.219
11      37      182.131
11      38      167.168
11      39      133.42
11      40      183.744
11      41      167.79
11      42      137.883
11      43      199.616
11      44      205.807
11      45      171.542
11      46      198.474
11      47      148.337
11      48      154.136
11      49      148.054
11      50      164.936
11      51      170.81
11      52      207.385
11      53      174.404
11      54      164.026
11      55      182.641
11      56      190.203
11      57      144.89
11      58      187.602
11      59      206.126
11      60      201.751
11      61      150.423
11      62      118.424
11      63      119.396
11      64      143.541
11      65      174.486
11      66      171.78
11      67      159.912
11      68      197.963
11      69      144.241
11      70      183.805
11      71      124.534
12      0      138.192
12      1      125.558
12      2      105.647
12      3      153.128
12      4      135.378
12      5      124.005
12      6      91.2817
12      7      152.393
12      8      103.507
12      9      126.651
12      10      112.515
12      11      109.213
12      12      119.512
12      13      110.135
12      14      129.695
12      15      118.445
12      16      121.334
12      17      131.41
12      18      144.885
12      19      64.2682
12      20      141.7
12      21      91.1152
12      22      140.128
12      23      65.7268
12      24      118.224
12      25      112.793
12      26      79.1008
12      27      124.203
12      28      153.353
12      29      125.685
12      30      97.0651
12      31      100.455
12      32      90.987
12      33      108.529
12      34      150.838
12      35      138.81
12      36      111.44
12      37      107.769
12      38      143.578
12      39      109.37
12      40      141.758
12      41      159.005
12      42      133.894
12      43      137.26
12      44      128.68
12      45      144.377
12      46      117.861
12      47      133.145
12      48      151.628
12      49      180.961
12      50      116.204
12      51      167.498
12      52      162.919
12      53      129.898
12      54      107.705
12      55      148.267
12      56      145.104
12      57      198.014
12      58      151.473
12      59      164.637
12      60      122.746
12      61      142.547
12      62      144.718
12      63      129.414
12      64      150.517
12      65      122.161
12      66      122.263
12      67      113.013
12      68      89.7333
12      69      88.3353
12      70      144.787
12      71      134.073
13      0      214.162
13      1      129.697
13      2      148.723
13      3      96.232
13      4      194.817
13      5      140.909
13      6      164.537
13      7      148.244
13      8      114.853
13      9      145.378
13      10      137.149
13      11      172.669
13      12      119.663
13      13      141.558
13      14      151.55
13      15      134.986
13      16      174.73
13      17      112.072
13      18      101.078
13      19      205.154
13      20      159.455
13      21      111.51
13      22      127.758
13      23      110.369
13      24      167.073
13      25      117.008
13      26      154.523
13      27      86.4454
13      28      152.473
13      29      119.149
13      30      153.897
13      31      116.094
13      32      143.122
13      33      141.642
13      34      122.142
13      35      126.446
13      36      201.534
13      37      114.819
13      38      161.8
13      39      130.631
13      40      181.649
13      41      150.763
13      42      162.778
13      43      175.641
13      44      168.915
13      45      162.99
13      46      205.17
13      47      115.448
13      48      187.738
13      49      183.573
13      50      146.955
13      51      153.8
13      52      146.001
13      53      176.986
13      54      152.957
13      55      125.241
13      56      151.34
13      57      185.556
13      58      143.45
13      59      167.951
13      60      142.437
13      61      143.9
13      62      200.206
13      63      170.889
13      64      170.833
13      65      106.504
13      66      129.935
13      67      122.907
13      68      126.402
13      69      183.894
13      70      174.209
13      71      126.672
14      0      92.0401
14      1      113.372
14      2      116.785
14      3      87.184
14      4      118.755
14      5      101.476
14      6      156.858
14      7      103.498
14      8      172.066
14      9      133.997
14      10      126.805
14      11      137.144
14      12      113.597
14      13      147.77
14      14      140.022
14      15      130.754
14      16      157.666
14      17      76.1748
14      18      108.612
14      19      99.1101
14      20      86.0228
14      21      119.275
14      22      82.5315
14      23      108.332
14      24      126.058
14      25      164.024
14      26      136.648
14      27      131.935
14      28      92.1662
14      29      129.347
14      30      128.767
14      31      99.2652
14      32      122.702
14      33      85.6293
14      34      112.956
14      35      153.703
14      36      142.989
14      37      192.578
14      38      146.093
14      39      189.968
14      40      155.052
14      41      152.257
14      42      143.165
14      43      144.665
14      44      176.811
14      45      155.616
14      46      176.131
14      47      149.197
14      48      137.086
14      49      201.467
14      50      156.989
14      51      201.384
14      52      156.287
14      53      137.66
14      54      142.259
14      55      185.367
14      56      169.377
14      57      163.077
14      58      133.578
14      59      164.956
14      60      148.058
14      61      166.226
14      62      191.704
14      63      192.281
14      64      194.588
14      65      180.085
14      66      166.882
14      67      190.686
14      68      170.615
14      69      197.676
14      70      157.991
14      71      130.44
15      0      165.012
15      1      133.845
15      2      104.717
15      3      96.5856
15      4      144.106
15      5      124.882
15      6      160.316
15      7      153.027
15      8      125.29
15      9      136.037
15      10      103.911
15      11      109.579
15      12      128.428
15      13      113.903
15      14      84.6705
15      15      155.78
15      16      127.188
15      17      155.232
15      18      102.96
15      19      95.8631
15      20      190.211
15      21      139.883
15      22      83.227
15      23      156.983
15      24      151.287
15      25      145.27
15      26      133.651
15      27      134.064
15      28      118.428
15      29      187.704
15      30      122.362
15      31      125.787
15      32      102.184
15      33      132.017
15      34      131.821
15      35      116.318
15      36      202.225
15      37      111.401
15      38      129.635
15      39      142.457
15      40      182.532
15      41      166.24
15      42      153.054
15      43      146.559
15      44      157.654
15      45      186.788
15      46      171.521
15      47      170.281
15      48      111.115
15      49      156.1
15      50      115.033
15      51      136.739
15      52      205.781
15      53      154.009
15      54      95.3876
15      55      146.422
15      56      117.13
15      57      156.709
15      58      181.135
15      59      140.391
15      60      154.598
15      61      137.886
15      62      131.911
15      63      170.733
15      64      99.4368
15      65      131.008
15      66      153.484
15      67      139.896
15      68      179.037
15      69      126.063
15      70      131.008
15      71      131.898
16      0      152.789
16      1      162.843
16      2      198.978
16      3      151.164
16      4      171.419
16      5      167.15
16      6      143.489
16      7      101.429
16      8      148.296
16      9      152.124
16      10      165.821
16      11      132.421
16      12      170.378
16      13      126.274
16      14      185.133
16      15      172.664
16      16      135.746
16      17      170.584
16      18      141.366
16      19      151.303
16      20      134.335
16      21      186.033
16      22      140.684
16      23      142.412
16      24      157.751
16      25      148.456
16      26      168.299
16      27      174.934
16      28      175.111
16      29      156.11
16      30      124.956
16      31      120.013
16      32      146.186
16      33      150.52
16      34      162.028
16      35      169.631
16      36      182.94
16      37      124.717
16      38      128.318
16      39      144.495
16      40      187.713
16      41      128.585
16      42      151.575
16      43      156.984
16      44      165.569
16      45      151.08
16      46      160.551
16      47      149.057
16      48      148.81
16      49      146.738
16      50      145.542
16      51      151.823
16      52      166.649
16      53      151.362
16      54      148.604
16      55      179.603
16      56      33.8644
16      57      193.133
16      58      110.306
16      59      125.815
16      60      195.294
16      61      173.005
16      62      118.945
16      63      129.828
16      64      156.043
16      65      120.951
16      66      154.198
16      67      163.258
16      68      133.27
16      69      124.133
16      70      84.9139
16      71      143.272
17      0      168.652
17      1      108.496
17      2      127.999
17      3      102.28
17      4      171.15
17      5      123.921
17      6      127.588
17      7      96.4456
17      8      158.366
17      9      171.921
17      10      101.244
17      11      115.671
17      12      136.393
17      13      135.561
17      14      188.961
17      15      118.384
17      16      139.767
17      17      135.277
17      18      100.011
17      19      174.029
17      20      138.626
17      21      111.973
17      22      68.6728
17      23      146.499
17      24      96.193
17      25      146.28
17      26      140.775
17      27      105.345
17      28      123.785
17      29      126.402
17      30      112.859
17      31      103.725
17      32      121.248
17      33      119.505
17      34      106.845
17      35      139.448
17      36      173.333
17      37      160.721
17      38      138.794
17      39      156.911
17      40      178.2
17      41      150.122
17      42      166.686
17      43      174.104
17      44      149.829
17      45      183.301
17      46      165.951
17      47      165.215
17      48      188.429
17      49      162.386
17      50      162.849
17      51      157.036
17      52      151.322
17      53      156.396
17      54      137.16
17      55      185.209
17      56      131.409
17      57      135.393
17      58      156.78
17      59      173.712
17      60      158.839
17      61      131.494
17      62      174.786
17      63      172.513
17      64      159.7
17      65      125.551
17      66      101.096
17      67      133.961
17      68      153.729
17      69      107.563
17      70      163.281
17      71      123.716
