0      0      188.483
0      1      187.974
0      2      188.395
0      3      254.367
0      4      254.326
0      5      182.571
0      6      156.088
0      7      156.502
0      8      255.554
0      9      163.652
0      10      175.391
0      11      242.942
0      12      126.489
0      13      253.138
0      14      158.9
0      15      250.43
0      16      123.109
0      17      235.097
0      18      162.715
0      19      174.968
0      20      187.696
0      21      251.558
0      22      251.046
0      23      155.901
0      24      156.273
0      25      142.403
0      26      251.894
0      27      252.149
0      28      145.311
0      29      147.926
0      30      147.546
0      31      157.761
0      32      1022.67
0      33      765.038
0      34      233.971
0      35      233.763
0      36      143.044
0      37      246.652
0      38      234.029
0      39      180.482
0      40      181.128
0      41      173.618
0      42      242.292
0      43      246.776
0      44      184.219
0      45      155.663
0      46      199.615
0      47      243
0      48      209.26
0      49      223.168
0      50      193.919
0      51      212.108
0      52      149.37
0      53      152.012
0      54      181.519
0      55      187.497
0      56      152.919
0      57      205.962
0      58      182.841
0      59      178.818
0      60      156.856
0      61      140.893
0      62      158.212
0      63      107.038
0      64      141.025
0      65      140.109
0      66      122.348
0      67      155.684
0      68      162.567
0      69      166.058
0      70      180.322
0      71      147.785
1      0      135.054
1      1      109.593
1      2      142.047
1      3      104.742
1      4      148.357
1      5      98.0505
1      6      111.885
1      7      129.24
1      8      121.753
1      9      125.733
1      10      76.2798
1      11      108.134
1      12      155.69
1      13      151.203
1      14      189.612
1      15      105.788
1      16      174.103
1      17      156.8
1      18      175.291
1      19      121.52
1      20      110.364
1      21      136.041
1      22      127.211
1      23      122.748
1      24      130.094
1      25      115.702
1      26      110.751
1      27      123.824
1      28      138.17
1      29      114.341
1      30      130.42
1      31      151.286
1      32      101.348
1      33      131.683
1      34      121.764
1      35      151.709
1      36      115.304
1      37      104.909
1      38      125.942
1      39      108.412
1      40      189.436
1      41      97.1427
1      42      123.677
1      43      147.829
1      44      141.131
1      45      152.972
1      46      119.978
1      47      140.927
1      48      173.322
1      49      130.622
1      50      155.357
1      51      149.927
1      52      146.937
1      53      116.644
1      54      142.217
1      55      197.999
1      56      134.339
1      57      148.365
1      58      130.077
1      59      144.724
1      60      155.69
1      61      106.726
1      62      130.641
1      63      101.176
1      64      84.9605
1      65      147.392
1      66      93.3602
1      67      101.657
1      68      135.623
1      69      135.726
1      70      142.242
1      71      130.804
2      0      126.472
2      1      161.929
2      2      99.8735
2      3      113.846
2      4      181.2
2      5      135.411
2      6      126.992
2      7      92.7022
2      8      171.591
2      9      105.582
2      10      134.414
2      11      93.1709
2      12      106.973
2      13      90.9559
2      14      137.181
2      15      143.037
2      16      165.896
2      17      157.895
2      18      138.158
2      19      158.457
2      20      159.169
2      21      117.641
2      22      108.422
2      23      61.1065
2      24      127.064
2      25      95.5197
2      26      96.0053
2      27      89.0193
2      28      109.952
2      29      141.456
2      30      84.5264
2      31      145.744
2      32      74.6693
2      33      100.003
2      34      107.5
2      35      148.729
2      36      143.498
2      37      113.036
2      38      141.875
2      39      85.7022
2      40      140.93
2      41      101.003
2      42      128.93
2      43      143.879
2      44      91.1978
2      45      122.83
2      46      186.079
2      47      117.697
2      48      113.92
2      49      151.275
2      50      133.235
2      51      113.167
2      52      125.148
2      53      110.505
2      54      120.16
2      55      157.716
2      56      116.424
2      57      116.648
2      58      158.133
2      59      170.126
2      60      169.81
2      61      109.665
2      62      157.947
2      63      84.9794
2      64      139.795
2      65      119.11
2      66      145.686
2      67      113.485
2      68      77.8567
2      69      118.179
2      70      135.682
2      71      126.142
3      0      43.6549
3      1      139.237
3      2      145.997
3      3      53.1341
3      4      132.839
3      5      54.2906
3      6      34.2458
3      7      127.418
3      8      177.202
3      9      9.9204
3      10      127.344
3      11      156.944
3      12      158.175
3      13      58.5965
3      14      164.294
3      15      32.8122
3      16      172.158
3      17      57.2321
3      18      130.782
3      19      157.307
3      20      24.6293
3      21      49.1676
3      22      33.0256
3      23      135.192
3      24      15.8565
3      25      17.5927
3      26      27.3884
3      27      141.729
3      28      30.4069
3      29      146.956
3      30      42.1126
3      31      39.6377
3      32      41.6479
3      33      27.3996
3      34      148.582
3      35      31.4763
3      36      164.403
3      37      94.6544
3      38      136.943
3      39      117.627
3      40      99.6397
3      41      83.1176
3      42      88.5343
3      43      133.391
3      44      76.9273
3      45      110.238
3      46      94.7776
3      47      126.271
3      48      97.4166
3      49      138.34
3      50      96.1102
3      51      95.5164
3      52      163.026
3      53      92.7498
3      54      121.708
3      55      165.162
3      56      116.452
3      57      98.8308
3      58      101.475
3      59      110.972
3      60      100.743
3      61      89.5621
3      62      156.324
3      63      123.561
3      64      123.265
3      65      105.738
3      66      53.0786
3      67      119.829
3      68      127.849
3      69      113.036
3      70      114.224
3      71      117.38
4      0      146.152
4      1      178.785
4      2      137.98
4      3      112.149
4      4      178.106
4      5      155.266
4      6      118.895
4      7      125.584
4      8      148.318
4      9      128.703
4      10      172.521
4      11      118.967
4      12      154.026
4      13      103.927
4      14      129.407
4      15      138.87
4      16      131.592
4      17      200.726
4      18      146.609
4      19      129.575
4      20      165.192
4      21      125.125
4      22      139.992
4      23      163.349
4      24      100.003
4      25      125.17
4      26      117.583
4      27      120.187
4      28      156.731
4      29      152.298
4      30      156.952
4      31      128.429
4      32      117.027
4      33      98.1849
4      34      88.451
4      35      138.895
4      36      175.098
4      37      147.733
4      38      147.716
4      39      123.084
4      40      125.992
4      41      104.619
4      42      163.527
4      43      158.587
4      44      154.458
4      45      161.541
4      46      127.816
4      47      134.627
4      48      144.407
4      49      145.75
4      50      213.974
4      51      145.958
4      52      177.914
4      53      114.398
4      54      147.025
4      55      134.199
4      56      128.313
4      57      168.516
4      58      145.886
4      59      104.049
4      60      132.929
4      61      82.5307
4      62      133.247
4      63      159.413
4      64      120.167
4      65      150.16
4      66      113.355
4      67      97.659
4      68      131.837
4      69      131.244
4      70      117.702
4      71      106.318
5      0      131.999
5      1      144.766
5      2      92.4392
5      3      132.716
5      4      130.361
5      5      97.3368
5      6      127.74
5      7      97.3906
5      8      138.124
5      9      90.5189
5      10      120.597
5      11      89.9953
5      12      149.358
5      13      50.8474
5      14      69.2067
5      15      91.3423
5      16      127.595
5      17      128.359
5      18      94.5832
5      19      154.66
5      20      93.5039
5      21      137.877
5      22      97.4148
5      23      91.8739
5      24      80.3794
5      25      103.906
5      26      113.863
5      27      152.868
5      28      111.11
5      29      132.502
5      30      90.072
5      31      101.582
5      32      67.3947
5      33      80.3678
5      34      98.646
5      35      118.746
5      36      150.563
5      37      127.502
5      38      138.343
5      39      136.921
5      40      180.551
5      41      132.218
5      42      93.043
5      43      119.141
5      44      161.399
5      45      144.826
5      46      128.519
5      47      132.793
5      48      129.801
5      49      128.841
5      50      174.895
5      51      151.393
5      52      117.648
5      53      154.557
5      54      119.675
5      55      105.032
5      56      142.397
5      57      141.812
5      58      145.195
5      59      124.723
5      60      127.598
5      61      93.1724
5      62      105.679
5      63      126.915
5      64      135.625
5      65      144.16
5      66      133.94
5      67      160.313
5      68      140.463
5      69      164.448
5      70      131.888
5      71      119.559
6      0      254.059
6      1      125.261
6      2      114.607
6      3      112.907
6      4      82.7702
6      5      138.457
6      6      169.409
6      7      173.097
6      8      88.3222
6      9      139.321
6      10      248.432
6      11      125.934
6      12      253.869
6      13      185.968
6      14      154.78
6      15      155.753
6      16      143.576
6      17      143.751
6      18      125.768
6      19      125.35
6      20      237.184
6      21      153.619
6      22      149.898
6      23      133.204
6      24      252.18
6      25      124.416
6      26      124.657
6      27      124.296
6      28      123.119
6      29      248.538
6      30      251.943
6      31      251.776
6      32      141.015
6      33      250.731
6      34      122.814
6      35      251.551
6      36      172.86
6      37      171.012
6      38      174.88
6      39      175.267
6      40      188.286
6      41      183.094
6      42      182.179
6      43      149.856
6      44      222.674
6      45      256.151
6      46      169.13
6      47      174.061
6      48      156.354
6      49      222.499
6      50      254.755
6      51      245.594
6      52      230.321
6      53      212.323
6      54      162.061
6      55      190.076
6      56      190.167
6      57      158.658
6      58      188.582
6      59      188.316
6      60      228.138
6      61      243.652
6      62      252.313
6      63      141.779
6      64      188.122
6      65      188.87
6      66      183.558
6      67      165.722
6      68      148.857
6      69      153.744
6      70      153.41
6      71      168.847
7      0      120.62
7      1      252.343
7      2      252.294
7      3      121.641
7      4      251.373
7      5      188.513
7      6      156.172
7      7      250.824
7      8      123.263
7      9      122.138
7      10      107.234
7      11      239.34
7      12      254.74
7      13      254.227
7      14      251.946
7      15      253.082
7      16      161.311
7      17      253.396
7      18      113.427
7      19      111.944
7      20      246.101
7      21      229.951
7      22      101.76
7      23      236.143
7      24      173.25
7      25      236.353
7      26      235.776
7      27      251.174
7      28      124.817
7      29      252.243
7      30      155.243
7      31      155.598
7      32      221.155
7      33      221.069
7      34      242.289
7      35      241.71
7      36      219.895
7      37      250.028
7      38      249.639
7      39      178.937
7      40      148.839
7      41      158.91
7      42      157.249
7      43      180.735
7      44      213.952
7      45      175.28
7      46      195.073
7      47      190.583
7      48      149.079
7      49      183.913
7      50      157.552
7      51      189.371
7      52      193.311
7      53      190.839
7      54      158.251
7      55      189.225
7      56      208.018
7      57      166.58
7      58      161.221
7      59      247.438
7      60      195.059
7      61      186.514
7      62      132.576
7      63      252.023
7      64      172.259
7      65      156.881
7      66      187.882
7      67      248.531
7      68      162.573
7      69      142.458
7      70      155.929
7      71      147.708
8      0      159.682
8      1      128.489
8      2      131.95
8      3      69.6289
8      4      123.822
8      5      114.713
8      6      129.309
8      7      115.623
8      8      145.14
8      9      105.905
8      10      138.11
8      11      150.822
8      12      126.49
8      13      128.523
8      14      145.405
8      15      117.771
8      16      132.54
8      17      166.222
8      18      142.344
8      19      167.298
8      20      126.924
8      21      173.205
8      22      143.647
8      23      94.3602
8      24      104.257
8      25      120.762
8      26      99.2122
8      27      146.235
8      28      112.917
8      29      146.221
8      30      122.415
8      31      155.69
8      32      124.906
8      33      134.865
8      34      101.336
8      35      186.279
8      36      162.436
8      37      143.833
8      38      167.81
8      39      164.645
8      40      110.752
8      41      118.135
8      42      166.652
8      43      165.884
8      44      140.552
8      45      111.133
8      46      206.329
8      47      112.507
8      48      138.092
8      49      156.672
8      50      146.835
8      51      134.419
8      52      124.769
8      53      150.011
8      54      138.356
8      55      132.907
8      56      181.684
8      57      137.644
8      58      132.908
8      59      147.551
8      60      112.215
8      61      147.522
8      62      144.902
8      63      159.84
8      64      121.721
8      65      167.666
8      66      118.472
8      67      147.978
8      68      152.097
8      69      108.552
8      70      112.055
8      71      130.179
9      0      131.01
9      1      85.0594
9      2      149.561
9      3      96.4548
9      4      142.155
9      5      86.6555
9      6      88.6059
9      7      100.549
9      8      112.942
9      9      70.0898
9      10      130.229
9      11      119.163
9      12      117.731
9      13      114.79
9      14      137.637
9      15      123.377
9      16      116.97
9      17      130.423
9      18      122.663
9      19      122.424
9      20      127.4
9      21      105.34
9      22      100.578
9      23      133.278
9      24      82.3712
9      25      106.245
9      26      128.805
9      27      114.591
9      28      107.173
9      29      91.8695
9      30      92.7368
9      31      137.325
9      32      106.993
9      33      106.023
9      34      126.708
9      35      130.798
9      36      151.997
9      37      139.422
9      38      158.072
9      39      159.461
9      40      225.76
9      41      132.488
9      42      102.698
9      43      143.686
9      44      168.634
9      45      116.029
9      46      158.728
9      47      112.61
9      48      124.313
9      49      136.161
9      50      186.875
9      51      149.859
9      52      172.928
9      53      155.511
9      54      135.369
9      55      184.713
9      56      138.304
9      57      123.121
9      58      142.838
9      59      161.056
9      60      146.908
9      61      113.766
9      62      120.641
9      63      128.528
9      64      162.29
9      65      119.719
9      66      148.446
9      67      157.649
9      68      117.392
9      69      160.784
9      70      155.802
9      71      130.374
10      0      167.296
10      1      156.94
10      2      176.903
10      3      141.053
10      4      183.979
10      5      182.854
10      6      200.856
10      7      126.87
10      8      140.534
10      9      131.403
10      10      134.127
10      11      165.644
10      12      161.541
10      13      147.112
10      14      177.664
10      15      163.237
10      16      127.523
10      17      184.494
10      18      131.804
10      19      161.441
10      20      182.899
10      21      168.259
10      22      128.386
10      23      184.847
10      24      161.191
10      25      181.986
10      26      138.145
10      27      143.777
10      28      152.739
10      29      163.526
10      30      142.793
10      31      161.137
10      32      157.199
10      33      160.448
10      34      126.998
10      35      155.326
10      36      170.838
10      37      160.489
10      38      161.485
10      39      152.488
10      40      158.276
10      41      104.386
10      42      140.53
10      43      150.553
10      44      133.916
10      45      96.8911
10      46      152.053
10      47      133.506
10      48      114.894
10      49      132.801
10      50      192.179
10      51      148.928
10      52      147.916
10      53      142.525
10      54      101.464
10      55      215.729
10      56      175.633
10      57      158.592
10      58      139.379
10      59      177.464
10      60      113.623
10      61      137.593
10      62      144.652
10      63      77.6561
10      64      136.135
10      65      141.383
10      66      131.406
10      67      149.372
10      68      152.184
10      69      155.351
10      70      153.891
10      71      144.136
11      0      120.169
11      1      116.925
11      2      156.95
11      3      87.0362
11      4      191.702
11      5      139.949
11      6      164.768
11      7      135.618
11      8      176.818
11      9      125.114
11      10      79.2241
11      11      161.107
11      12      170.26
11      13      105.85
11      14      175.37
11      15      156.974
11      16      111.266
11      17      114.686
11      18      138.283
11      19      141.313
11      20      146.58
11      21      153.201
11      22      69.7997
11      23      146.051
11      24      96.2101
11      25      91.7945
11      26      133.969
11      27      109.924
11      28      140.806
11      29      131.6
11      30      113.386
11      31      139.608
11      32      113.993
11      33      80.8407
11      34      68.7956
11      35      147.528
11      36      202.591
11      37      180.648
11      38      165.584
11      39      130.638
11      40      186.753
11      41      166.256
11      42      136.483
11      43      201.505
11      44      209.44
11      45      176.976
11      46      204.22
11      47      146.469
11      48      153.149
11      49      153.295
11      50      173.667
11      51      169.449
11      52      208.907
11      53      174.37
11      54      163.251
11      55      190.697
11      56      194.433
11      57      146.82
11      58      186.74
11      59      207.9
11      60      203.263
11      61      148.951
11      62      118.274
11      63      116.703
11      64      142.178
11      65      183.624
11      66      174.906
11      67      158.18
11      68      196.274
11      69      145.446
11      70      181.989
11      71      122.138
12      0      137.423
12      1      125.983
12      2      105.876
12      3      151.686
12      4      136.897
12      5      124.665
12      6      91.3568
12      7      151.236
12      8      104.67
12      9      125.541
12      10      111.752
12      11      109.584
12      12      121.547
12      13      109.45
12      14      130.505
12      15      119.353
12      16      122.071
12      17      133.457
12      18      146.199
12      19      63.1871
12      20      143.189
12      21      92.8587
12      22      139.291
12      23      64.5743
12      24      118.44
12      25      111.866
12      26      77.9911
12      27      123.735
12      28      153.208
12      29      126.116
12      30      96.3302
12      31      99.6889
12      32      90.047
12      33      107.884
12      34      150.114
12      35      139.418
12      36      111.523
12      37      107.029
12      38      142.737
12      39      108.74
12      40      142.83
12      41      158.287
12      42      133.082
12      43      137.613
12      44      129.882
12      45      145.57
12      46      118.673
12      47      132.993
12      48      151.482
12      49      182.107
12      50      117.298
12      51      167.107
12      52      162.491
12      53      129.78
12      54      107.592
12      55      149.882
12      56      146.168
12      57      199.483
12      58      151.223
12      59      165.16
12      60      123.342
12      61      141.838
12      62      145.742
12      63      129.29
12      64      150.396
12      65      119.386
12      66      123.072
12      67      112.085
12      68      88.806
12      69      87.8385
12      70      144.366
12      71      133.936
13      0      211.562
13      1      129.647
13      2      149.553
13      3      92.2404
13      4      199.369
13      5      145.221
13      6      167.216
13      7      145.906
13      8      116.25
13      9      143.223
13      10      135.696
13      11      173.92
13      12      118.036
13      13      139.621
13      14      155.175
13      15      136.927
13      16      177.18
13      17      114.036
13      18      100.179
13      19      209.794
13      20      162.285
13      21      111.052
13      22      125.756
13      23      112.897
13      24      168.533
13      25      114.783
13      26      153.404
13      27      83.6756
13      28      153.207
13      29      119.84
13      30      152.008
13      31      114.178
13      32      141.115
13      33      139.919
13      34      119.875
13      35      127.439
13      36      204.229
13      37      113.006
13      38      160.53
13      39      128.56
13      40      184.947
13      41      148.997
13      42      161.436
13      43      176.987
13      44      175.662
13      45      168.299
13      46      209.121
13      47      113.209
13      48      187.798
13      49      186.564
13      50      153.524
13      51      152.477
13      52      146.763
13      53      176.732
13      54      152.187
13      55      124.679
13      56      153.324
13      57      190.067
13      58      142.426
13      59      169.173
13      60      143.07
13      61      142.301
13      62      203.892
13      63      170.166
13      64      170.118
13      65      109.293
13      66      129.221
13      67      121.179
13      68      124.132
13      69      186.054
13      70      172.533
13      71      124.207
14      0      90.0847
14      1      114.011
14      2      117.042
14      3      83.0828
14      4      123.642
14      5      101.219
14      6      161.862
14      7      100.925
14      8      175.996
14      9      131.646
14      10      125.133
14      11      138.407
14      12      116.035
14      13      145.673
14      14      143.094
14      15      132.551
14      16      159.824
14      17      76.2257
14      18      113.263
14      19      99.2127
14      20      86.321
14      21      122.215
14      22      80.0358
14      23      110.825
14      24      127.115
14      25      162.069
14      26      135.474
14      27      130.656
14      28      92.1
14      29      130.156
14      30      127.158
14      31      97.5085
14      32      121.613
14      33      83.1546
14      34      110.937
14      35      156.071
14      36      143.231
14      37      190.662
14      38      144.421
14      39      187.812
14      40      157.475
14      41      150.521
14      42      141.361
14      43      145.136
14      44      180.095
14      45      157.621
14      46      179.18
14      47      147.678
14      48      135.437
14      49      205.487
14      50      163.033
14      51      199.024
14      52      156.999
14      53      137.321
14      54      140.867
14      55      188.783
14      56      171.206
14      57      169.25
14      58      131.775
14      59      165.717
14      60      148.495
14      61      164.11
14      62      194.452
14      63      191.331
14      64      193.871
14      65      168.687
14      66      168.672
14      67      189.499
14      68      169.125
14      69      200.487
14      70      156.368
14      71      128.85
15      0      164.035
15      1      134.976
15      2      104.666
15      3      94.2218
15      4      146.125
15      5      126.264
15      6      161.889
15      7      151.074
15      8      127.287
15      9      134.491
15      10      102.638
15      11      110.122
15      12      130.374
15      13      112.443
15      14      84.2173
15      15      157.322
15      16      128.517
15      17      156.908
15      18      104.466
15      19      93.9725
15      20      190.789
15      21      141.378
15      22      81.4166
15      23      158.759
15      24      152.06
15      25      144.319
15      26      132.653
15      27      133.057
15      28      118.737
15      29      188.122
15      30      121.296
15      31      124.74
15      32      101.62
15      33      131.035
15      34      130.591
15      35      117.407
15      36      201.972
15      37      110.334
15      38      128.75
15      39      141.212
15      40      183.659
15      41      165.355
15      42      152.226
15      43      147.378
15      44      159.228
15      45      188.854
15      46      173.41
15      47      169.663
15      48      110.33
15      49      157.803
15      50      114.346
15      51      136.12
15      52      204.764
15      53      153.51
15      54      93.7525
15      55      148.758
15      56      117.593
15      57      158.784
15      58      180.799
15      59      140.938
15      60      155.795
15      61      137.07
15      62      133.257
15      63      170.463
15      64      99.1482
15      65      134.765
15      66      155.885
15      67      139.678
15      68      178.528
15      69      126.923
15      70      130.141
15      71      131.526
16      0      152.165
16      1      163.122
16      2      200.138
16      3      147.682
16      4      173.863
16      5      167.68
16      6      144.855
16      7      97.8245
16      8      149.846
16      9      150.054
16      10      164.053
16      11      131.676
16      12      177.794
16      13      124.116
16      14      187.813
16      15      174.022
16      16      138.131
16      17      173.19
16      18      142.519
16      19      154.128
16      20      135.919
16      21      188.918
16      22      138.547
16      23      143.011
16      24      158.512
16      25      146.813
16      26      166.865
16      27      173.49
16      28      175.48
16      29      156.942
16      30      122.227
16      31      117.49
16      32      144.21
16      33      148.792
16      34      159.586
16      35      171.38
16      36      185.098
16      37      122.614
16      38      127.342
16      39      142.673
16      40      190.868
16      41      126.894
16      42      150.785
16      43      157.841
16      44      167.917
16      45      153.415
16      46      165.209
16      47      148.547
16      48      148.76
16      49      149.9
16      50      151.137
16      51      151.163
16      52      168.181
16      53      151.267
16      54      148.222
16      55      182.678
16      56      31.0465
16      57      195.792
16      58      108.556
16      59      125.141
16      60      196.977
16      61      172.529
16      62      118.81
16      63      128.743
16      64      155.494
16      65      122.194
16      66      156.378
16      67      162.625
16      68      131.55
16      69      125.704
16      70      82.7275
16      71      142.229
17      0      167.308
17      1      108.44
17      2      127.954
17      3      100.469
17      4      172.227
17      5      124.462
17      6      128.158
17      7      94.8353
17      8      159.702
17      9      170.472
17      10      99.8525
17      11      115.878
17      12      138.052
17      13      134.432
17      14      185.683
17      15      119.416
17      16      140.873
17      17      136.894
17      18      100.301
17      19      172.115
17      20      139.754
17      21      113.994
17      22      66.2324
17      23      148.404
17      24      95.6035
17      25      145.746
17      26      140.478
17      27      105.57
17      28      124.055
17      29      127.162
17      30      112.465
17      31      102.493
17      32      120.934
17      33      119.176
17      34      106.485
17      35      140.15
17      36      173.239
17      37      159.928
17      38      137.635
17      39      155.763
17      40      178.842
17      41      148.849
17      42      165.201
17      43      175.432
17      44      150.97
17      45      185.044
17      46      168.009
17      47      163.891
17      48      188.679
17      49      163.623
17      50      164.523
17      51      155.911
17      52      151.477
17      53      155.421
17      54      136.41
17      55      186.758
17      56      132.321
17      57      134.709
17      58      156.365
17      59      174.272
17      60      159.799
17      61      130.703
17      62      176.922
17      63      172.388
17      64      159.335
17      65      121.701
17      66      102.994
17      67      134.175
17      68      153.137
17      69      107.014
17      70      163.178
17      71      124.209
