0      0      188.591
0      1      187.965
0      2      187.956
0      3      254.952
0      4      254.794
0      5      181.08
0      6      156.242
0      7      156.334
0      8      255.54
0      9      255.475
0      10      159.412
0      11      243.327
0      12      126.527
0      13      252.853
0      14      158.809
0      15      250.226
0      16      123.452
0      17      234.994
0      18      162.447
0      19      189.735
0      20      187.432
0      21      251.024
0      22      250.99
0      23      155.763
0      24      156.083
0      25      143.07
0      26      252.541
0      27      252.876
0      28      145.928
0      29      147.371
0      30      147.189
0      31      158.455
0      32      1023.29
0      33      765.699
0      34      234.698
0      35      233.542
0      36      142.582
0      37      238.593
0      38      234.797
0      39      180.674
0      40      180.474
0      41      173.098
0      42      243.487
0      43      246.478
0      44      183.574
0      45      155.28
0      46      198.557
0      47      243.276
0      48      209.543
0      49      222.714
0      50      192.513
0      51      212.114
0      52      149.469
0      53      150.863
0      54      165.255
0      55      186.972
0      56      152.64
0      57      215.942
0      58      183.091
0      59      178.436
0      60      156.433
0      61      141.584
0      62      157.619
0      63      108.316
0      64      141.23
0      65      139.673
0      66      122.979
0      67      155.93
0      68      166.744
0      69      165.883
0      70      180.327
0      71      148.554
1      0      135.598
1      1      109.193
1      2      141.073
1      3      105.328
1      4      147.074
1      5      97.7966
1      6      111.905
1      7      129.901
1      8      121.352
1      9      126.59
1      10      77.5485
1      11      107.753
1      12      154.216
1      13      152.177
1      14      190.975
1      15      105.739
1      16      175.025
1      17      156.085
1      18      174.87
1      19      120.34
1      20      109.886
1      21      134.983
1      22      127.993
1      23      122.185
1      24      129.56
1      25      116.132
1      26      111.02
1      27      124.07
1      28      138.201
1      29      112.921
1      30      130.714
1      31      151.543
1      32      101.749
1      33      132.073
1      34      121.86
1      35      151.231
1      36      115.583
1      37      105.74
1      38      126.534
1      39      109.029
1      40      189.289
1      41      97.9175
1      42      124.147
1      43      147.38
1      44      140.442
1      45      151.991
1      46      120.197
1      47      141.462
1      48      173.917
1      49      129.489
1      50      154.657
1      51      150.518
1      52      147.176
1      53      117.339
1      54      142.112
1      55      197.537
1      56      133.152
1      57      146.946
1      58      130.12
1      59      144.156
1      60      155.174
1      61      107.368
1      62      129.144
1      63      101.359
1      64      85.2382
1      65      119.779
1      66      93.5692
1      67      102.161
1      68      135.347
1      69      134.776
1      70      142.179
1      71      130.691
2      0      126.865
2      1      161.458
2      2      99.8411
2      3      114.173
2      4      181.208
2      5      134.474
2      6      126.214
2      7      93.055
2      8      171.103
2      9      105.957
2      10      134.697
2      11      93.9188
2      12      106.136
2      13      91.233
2      14      136.571
2      15      142.674
2      16      167.11
2      17      157.518
2      18      137.716
2      19      159.092
2      20      158.664
2      21      117.111
2      22      108.659
2      23      63.0353
2      24      126.524
2      25      95.5217
2      26      96.1085
2      27      88.6557
2      28      109.869
2      29      141.235
2      30      84.6403
2      31      146.29
2      32      75.0602
2      33      100.105
2      34      107.422
2      35      148.442
2      36      143.068
2      37      113.673
2      38      142.613
2      39      86.5217
2      40      139.891
2      41      101.316
2      42      129.229
2      43      143.267
2      44      92.6079
2      45      122.545
2      46      186.104
2      47      117.95
2      48      114.169
2      49      150.676
2      50      131.38
2      51      113.231
2      52      125.873
2      53      110.815
2      54      119.839
2      55      156.602
2      56      115.622
2      57      117.854
2      58      158.443
2      59      170.004
2      60      169.194
2      61      109.889
2      62      156.989
2      63      85.6038
2      64      139.748
2      65      120.797
2      66      144.335
2      67      113.098
2      68      78.1804
2      69      117.221
2      70      135.42
2      71      125.857
3      0      43.7006
3      1      138.959
3      2      145.526
3      3      53.518
3      4      132.775
3      5      53.6781
3      6      34.5174
3      7      127.645
3      8      176.66
3      9      10.7794
3      10      127.608
3      11      156.72
3      12      157.087
3      13      58.3932
3      14      165.007
3      15      32.9971
3      16      172.467
3      17      56.2708
3      18      130.918
3      19      156.64
3      20      25.6354
3      21      48.4717
3      22      33.6133
3      23      134.968
3      24      16.4761
3      25      18.1998
3      26      27.9051
3      27      141.81
3      28      30.8997
3      29      146.614
3      30      42.0667
3      31      39.5487
3      32      41.3513
3      33      27.567
3      34      148.496
3      35      31.5569
3      36      165.285
3      37      95.0484
3      38      137.519
3      39      117.931
3      40      99.548
3      41      83.4502
3      42      88.8927
3      43      133.039
3      44      78.0412
3      45      109.613
3      46      94.2427
3      47      126.506
3      48      97.3684
3      49      137.79
3      50      95.597
3      51      95.3819
3      52      164.281
3      53      93.1866
3      54      121.496
3      55      164.667
3      56      115.7
3      57      97.6656
3      58      101.313
3      59      110.407
3      60      100.19
3      61      89.6811
3      62      155.825
3      63      123.574
3      64      123.242
3      65      105.246
3      66      53.1379
3      67      119.732
3      68      127.602
3      69      112.712
3      70      113.863
3      71      117.243
4      0      146.415
4      1      178.54
4      2      137.577
4      3      112.764
4      4      176.911
4      5      154.898
4      6      118.552
4      7      126.487
4      8      147.714
4      9      129.307
4      10      173.01
4      11      118.739
4      12      153.381
4      13      104.162
4      14      129.468
4      15      138.802
4      16      131.663
4      17      200.224
4      18      146.361
4      19      129.596
4      20      164.545
4      21      125.287
4      22      140.453
4      23      162.821
4      24      100.753
4      25      125.78
4      26      117.872
4      27      120.357
4      28      157.004
4      29      152.063
4      30      157.057
4      31      128.96
4      32      117.044
4      33      99.9693
4      34      89.3723
4      35      138.528
4      36      175.331
4      37      148.077
4      38      148.398
4      39      123.245
4      40      125.303
4      41      105.015
4      42      164.21
4      43      157.947
4      44      153.539
4      45      160.722
4      46      127.265
4      47      134.878
4      48      144.616
4      49      144.774
4      50      213.812
4      51      146.378
4      52      178.608
4      53      114.809
4      54      146.848
4      55      132.53
4      56      128.177
4      57      167.436
4      58      145.767
4      59      105.124
4      60      132.207
4      61      83.6126
4      62      132.566
4      63      159.482
4      64      120.213
4      65      149.552
4      66      112.854
4      67      97.8178
4      68      131.682
4      69      130.393
4      70      117.469
4      71      106.621
5      0      132.777
5      1      144.327
5      2      92.2058
5      3      132.747
5      4      130.047
5      5      96.8399
5      6      127.565
5      7      97.3892
5      8      138.003
5      9      90.5607
5      10      120.725
5      11      89.7213
5      12      149.632
5      13      50.9876
5      14      70.7281
5      15      90.956
5      16      128.54
5      17      128.382
5      18      94.1247
5      19      156.047
5      20      93.3068
5      21      138.972
5      22      97.5487
5      23      92.5977
5      24      80.7121
5      25      104.053
5      26      113.791
5      27      152.807
5      28      111.003
5      29      132.185
5      30      89.6652
5      31      101.365
5      32      67.2668
5      33      80.3058
5      34      98.2175
5      35      118.294
5      36      151.449
5      37      127.755
5      38      138.769
5      39      137.091
5      40      181.633
5      41      132.239
5      42      93.6881
5      43      118.624
5      44      161.693
5      45      144.642
5      46      127.899
5      47      133.114
5      48      130.132
5      49      128.215
5      50      175.113
5      51      151.687
5      52      117.809
5      53      154.881
5      54      119.664
5      55      104.582
5      56      141.716
5      57      141.728
5      58      145.173
5      59      124.415
5      60      126.954
5      61      93.7972
5      62      105.745
5      63      126.504
5      64      135.424
5      65      144.231
5      66      132.676
5      67      160.331
5      68      140.087
5      69      163.8
5      70      131.584
5      71      119.054
6      0      254.533
6      1      125.742
6      2      113.704
6      3      112.202
6      4      83.5957
6      5      138.265
6      6      169.696
6      7      172.866
6      8      88.7597
6      9      138.059
6      10      248.696
6      11      125.843
6      12      254.021
6      13      185.86
6      14      155.371
6      15      156.077
6      16      143.179
6      17      143.375
6      18      125.966
6      19      125.439
6      20      237.132
6      21      153.512
6      22      150.848
6      23      134.095
6      24      252.036
6      25      124.406
6      26      125.059
6      27      124.715
6      28      122.931
6      29      248.259
6      30      252.047
6      31      251.706
6      32      141.01
6      33      250.716
6      34      122.664
6      35      251.53
6      36      173.015
6      37      170.964
6      38      175.408
6      39      175.806
6      40      188.444
6      41      183.037
6      42      182.448
6      43      149.989
6      44      222.746
6      45      256.36
6      46      168.195
6      47      173.95
6      48      156.399
6      49      222.088
6      50      254.206
6      51      245.169
6      52      231.092
6      53      213.224
6      54      163.359
6      55      189.748
6      56      189.453
6      57      157.997
6      58      188.714
6      59      188.539
6      60      191.48
6      61      244.003
6      62      251.707
6      63      141.763
6      64      187.86
6      65      189.438
6      66      183.576
6      67      165.531
6      68      148.803
6      69      153.289
6      70      152.983
6      71      168.212
7      0      121.201
7      1      252.042
7      2      252.305
7      3      122.456
7      4      251.468
7      5      188.485
7      6      155.754
7      7      250.977
7      8      123.51
7      9      122.007
7      10      107.661
7      11      238.742
7      12      254.428
7      13      253.926
7      14      251.919
7      15      253.602
7      16      161.333
7      17      253.266
7      18      115.176
7      19      111.691
7      20      245.955
7      21      229.527
7      22      102.334
7      23      235.795
7      24      173.199
7      25      236.248
7      26      235.824
7      27      251.035
7      28      124.982
7      29      252.349
7      30      154.945
7      31      155.674
7      32      221.256
7      33      220.858
7      34      242.286
7      35      241.574
7      36      220.898
7      37      250.393
7      38      250.335
7      39      179.425
7      40      181.007
7      41      158.983
7      42      157.565
7      43      179.219
7      44      194.149
7      45      174.609
7      46      193.903
7      47      191.154
7      48      149.059
7      49      183.098
7      50      157.281
7      51      189.25
7      52      193.284
7      53      191.318
7      54      157.965
7      55      189.173
7      56      207.536
7      57      159.936
7      58      160.969
7      59      247.38
7      60      194.455
7      61      187.081
7      62      132.506
7      63      251.821
7      64      172.225
7      65      156.87
7      66      187.091
7      67      248.854
7      68      161.923
7      69      141.728
7      70      155.424
7      71      147.724
8      0      160.629
8      1      128.073
8      2      131.565
8      3      69.6597
8      4      123.477
8      5      114.196
8      6      128.826
8      7      115.741
8      8      145.085
8      9      106.077
8      10      138.281
8      11      150.602
8      12      126.087
8      13      128.831
8      14      146.163
8      15      117.24
8      16      133.488
8      17      166.528
8      18      142.114
8      19      168.473
8      20      126.752
8      21      173.526
8      22      144.1
8      23      93.9029
8      24      103.907
8      25      120.873
8      26      99.3171
8      27      146.391
8      28      112.875
8      29      146.021
8      30      122.094
8      31      155.942
8      32      124.591
8      33      134.951
8      34      100.899
8      35      186.526
8      36      162.644
8      37      144.088
8      38      168.397
8      39      164.909
8      40      110.726
8      41      117.963
8      42      167.227
8      43      165.663
8      44      140.207
8      45      111.654
8      46      206.344
8      47      112.752
8      48      138.442
8      49      156.13
8      50      146.39
8      51      134.42
8      52      124.873
8      53      150.176
8      54      138.225
8      55      132.245
8      56      181.672
8      57      137.349
8      58      132.891
8      59      147.452
8      60      111.886
8      61      147.933
8      62      144.404
8      63      159.841
8      64      121.603
8      65      167.59
8      66      117.652
8      67      147.796
8      68      151.926
8      69      108.417
8      70      112.249
8      71      129.971
9      0      131.955
9      1      85.1714
9      2      149.347
9      3      96.5039
9      4      142.198
9      5      86.5358
9      6      88.5372
9      7      100.655
9      8      112.518
9      9      70.3323
9      10      130.821
9      11      118.848
9      12      117.548
9      13      115.047
9      14      138.697
9      15      123.008
9      16      117.949
9      17      130.768
9      18      122.356
9      19      122.629
9      20      127.235
9      21      104.161
9      22      100.897
9      23      133.599
9      24      82.2165
9      25      106.389
9      26      129.062
9      27      114.464
9      28      107.341
9      29      91.4065
9      30      92.5256
9      31      137.726
9      32      106.689
9      33      105.946
9      34      126.644
9      35      130.882
9      36      152.378
9      37      139.592
9      38      158.287
9      39      159.734
9      40      227.084
9      41      132.486
9      42      103.064
9      43      143.194
9      44      169.043
9      45      115.476
9      46      158.421
9      47      112.96
9      48      124.421
9      49      135.587
9      50      186.854
9      51      150.053
9      52      173.625
9      53      155.563
9      54      135.193
9      55      184.957
9      56      137.791
9      57      122.12
9      58      142.703
9      59      160.981
9      60      146.319
9      61      114.199
9      62      120.286
9      63      128.263
9      64      162.34
9      65      119.07
9      66      147.669
9      67      157.633
9      68      117.038
9      69      160.319
9      70      155.504
9      71      130.286
10      0      168.903
10      1      155.964
10      2      176.961
10      3      140.324
10      4      185.671
10      5      182.56
10      6      201.515
10      7      126.048
10      8      140.166
10      9      131.336
10      10      133.585
10      11      165.446
10      12      161.769
10      13      147.568
10      14      180.321
10      15      163.22
10      16      127.135
10      17      183.83
10      18      131.559
10      19      162.907
10      20      184.742
10      21      170.563
10      22      128.151
10      23      187.325
10      24      161.08
10      25      182.427
10      26      137.636
10      27      143.206
10      28      152.772
10      29      163.77
10      30      141.187
10      31      160.709
10      32      155.867
10      33      160.088
10      34      125.435
10      35      155.535
10      36      172.872
10      37      160.617
10      38      161.929
10      39      152.353
10      40      159.772
10      41      104.208
10      42      140.562
10      43      149.713
10      44      133.544
10      45      98.2038
10      46      151.578
10      47      133.665
10      48      114.988
10      49      132.104
10      50      194.089
10      51      149.155
10      52      148.04
10      53      142.801
10      54      102.07
10      55      218.619
10      56      175.948
10      57      157.708
10      58      139.023
10      59      178.439
10      60      112.996
10      61      137.787
10      62      143.897
10      63      77.6965
10      64      135.646
10      65      141.401
10      66      129.52
10      67      148.972
10      68      151.459
10      69      154.768
10      70      153.092
10      71      143.214
11      0      120.588
11      1      116.574
11      2      156.356
11      3      88.1156
11      4      190.652
11      5      139.217
11      6      163.791
11      7      136.473
11      8      175.123
11      9      126.063
11      10      80.5002
11      11      160.755
11      12      168.477
11      13      106.774
11      14      174.978
11      15      156.635
11      16      111.01
11      17      113.883
11      18      137.244
11      19      140.379
11      20      145.548
11      21      151.822
11      22      71.4128
11      23      144.755
11      24      96.7023
11      25      92.4682
11      26      134.405
11      27      110.359
11      28      141.192
11      29      130.92
11      30      114.103
11      31      140.185
11      32      114.468
11      33      82.0199
11      34      69.8776
11      35      147.142
11      36      202.312
11      37      181.291
11      38      166.347
11      39      131.683
11      40      185.346
11      41      166.799
11      42      136.883
11      43      200.705
11      44      208.404
11      45      175.516
11      46      202.751
11      47      147.025
11      48      153.201
11      49      151.875
11      50      171.516
11      51      169.607
11      52      209.043
11      53      174.642
11      54      163.211
11      55      189.561
11      56      193.221
11      57      146.646
11      58      186.852
11      59      207.435
11      60      202.621
11      61      149.283
11      62      118.634
11      63      117.664
11      64      142.549
11      65      183.328
11      66      173.829
11      67      158.578
11      68      196.539
11      69      145
11      70      182.442
11      71      123.076
12      0      137.857
12      1      125.767
12      2      105.655
12      3      151.888
12      4      136.75
12      5      124.379
12      6      91.4445
12      7      151.429
12      8      104.39
12      9      125.66
12      10      111.871
12      11      109.359
12      12      120.911
12      13      109.474
12      14      130.454
12      15      119.138
12      16      122.008
12      17      133.176
12      18      145.95
12      19      64.0198
12      20      142.697
12      21      92.5735
12      22      139.602
12      23      65.2997
12      24      118.335
12      25      112.036
12      26      78.3106
12      27      123.735
12      28      153.392
12      29      125.991
12      30      96.3752
12      31      99.7911
12      32      90.3886
12      33      108.003
12      34      150.024
12      35      139.416
12      36      111.64
12      37      107.244
12      38      142.974
12      39      108.876
12      40      142.529
12      41      158.486
12      42      133.429
12      43      137.503
12      44      129.558
12      45      145.248
12      46      118.363
12      47      133.116
12      48      151.588
12      49      181.873
12      50      117.18
12      51      167.248
12      52      163.049
12      53      129.803
12      54      107.464
12      55      149.607
12      56      145.944
12      57      199.381
12      58      151.241
12      59      165.018
12      60      122.956
12      61      142.045
12      62      145.337
12      63      129.256
12      64      150.327
12      65      119.102
12      66      122.57
12      67      112.418
12      68      89.0076
12      69      88.0787
12      70      144.317
12      71      133.869
13      0      212.981
13      1      129.184
13      2      148.66
13      3      93.1197
13      4      197.962
13      5      143.926
13      6      166.145
13      7      146.403
13      8      115.668
13      9      143.954
13      10      136.064
13      11      173.591
13      12      119.216
13      13      140.127
13      14      154.121
13      15      136.176
13      16      176.302
13      17      113.489
13      18      100.96
13      19      209.209
13      20      161.326
13      21      110.793
13      22      126.338
13      23      112.226
13      24      167.978
13      25      115.366
13      26      153.814
13      27      84.5509
13      28      153.039
13      29      119.46
13      30      152.45
13      31      114.708
13      32      141.751
13      33      140.518
13      34      120.477
13      35      127.04
13      36      203.79
13      37      113.737
13      38      161.112
13      39      129.348
13      40      183.628
13      41      149.437
13      42      161.95
13      43      176.403
13      44      174.125
13      45      166.812
13      46      207.868
13      47      114.337
13      48      188.032
13      49      185.679
13      50      151.644
13      51      152.744
13      52      146.802
13      53      177.009
13      54      152.288
13      55      125.462
13      56      152.476
13      57      188.693
13      58      142.467
13      59      168.56
13      60      142.4
13      61      142.638
13      62      202.761
13      63      170.194
13      64      170.244
13      65      108.422
13      66      129.522
13      67      121.789
13      68      124.753
13      69      185.214
13      70      172.966
13      71      125.235
14      0      90.5605
14      1      113.746
14      2      116.556
14      3      84.2013
14      4      122.236
14      5      101.39
14      6      160.838
14      7      101.477
14      8      174.754
14      9      132.266
14      10      125.251
14      11      137.663
14      12      115.398
14      13      146.235
14      14      142.535
14      15      132.166
14      16      159.449
14      17      76.8305
14      18      112.355
14      19      99.6675
14      20      86.5265
14      21      121.093
14      22      80.8118
14      23      110.428
14      24      126.662
14      25      162.612
14      26      135.613
14      27      130.942
14      28      92.3229
14      29      129.826
14      30      127.304
14      31      97.868
14      32      121.792
14      33      84.0985
14      34      111.239
14      35      155.278
14      36      143.428
14      37      191.494
14      38      145.102
14      39      188.66
14      40      156.421
14      41      151.259
14      42      142.046
14      43      145.185
14      44      178.979
14      45      157.144
14      46      178.211
14      47      148.314
14      48      135.917
14      49      204.594
14      50      161.801
14      51      199.562
14      52      156.748
14      53      137.534
14      54      141.447
14      55      187.78
14      56      170.503
14      57      167.994
14      58      132.361
14      59      165.211
14      60      147.92
14      61      164.612
14      62      193.464
14      63      191.686
14      64      194.005
14      65      167.901
14      66      167.886
14      67      189.927
14      68      169.358
14      69      199.646
14      70      156.845
14      71      129.404
15      0      164.719
15      1      134.332
15      2      104.265
15      3      94.5607
15      4      145.58
15      5      125.722
15      6      161.345
15      7      151.826
15      8      126.414
15      9      134.925
15      10      102.833
15      11      109.604
15      12      129.69
15      13      112.651
15      14      84.5989
15      15      156.836
15      16      128.226
15      17      157.318
15      18      103.821
15      19      95.0583
15      20      190.942
15      21      141.249
15      22      81.9824
15      23      158.556
15      24      152
15      25      144.671
15      26      132.946
15      27      133.292
15      28      118.694
15      29      188.131
15      30      121.446
15      31      125
15      32      101.266
15      33      131.22
15      34      130.795
15      35      116.948
15      36      202.571
15      37      110.584
15      38      129.002
15      39      141.486
15      40      183.743
15      41      165.606
15      42      152.483
15      43      146.981
15      44      158.722
15      45      188.438
15      46      172.82
15      47      169.879
15      48      110.404
15      49      157.569
15      50      115.067
15      51      136.057
15      52      205.646
15      53      153.829
15      54      94.3069
15      55      147.944
15      56      117.558
15      57      158.198
15      58      180.793
15      59      140.485
15      60      155.095
15      61      137.413
15      62      132.49
15      63      170.44
15      64      99.0628
15      65      134.628
15      66      155.001
15      67      139.832
15      68      178.485
15      69      126.751
15      70      130.188
15      71      131.541
16      0      152.508
16      1      162.756
16      2      199.772
16      3      148.51
16      4      172.544
16      5      167.011
16      6      144.117
16      7      99.1524
16      8      148.533
16      9      150.802
16      10      164.463
16      11      131.9
16      12      176.614
16      13      124.618
16      14      187.367
16      15      173.636
16      16      137.202
16      17      172.932
16      18      141.982
16      19      152.92
16      20      135.119
16      21      188.622
16      22      139.238
16      23      142.651
16      24      158.098
16      25      147.629
16      26      167.426
16      27      173.99
16      28      175.598
16      29      156.817
16      30      122.94
16      31      118.259
16      32      144.792
16      33      149.354
16      34      160.346
16      35      170.843
16      36      184.65
16      37      123.467
16      38      127.945
16      39      143.306
16      40      189.527
16      41      127.521
16      42      151.495
16      43      157.57
16      44      166.787
16      45      152.364
16      46      163.836
16      47      148.968
16      48      148.577
16      49      148.945
16      50      149.409
16      51      151.346
16      52      167.912
16      53      151.361
16      54      148.105
16      55      181.475
16      56      32.2213
16      57      194.893
16      58      109.286
16      59      125.682
16      60      196.036
16      61      172.892
16      62      119
16      63      129.142
16      64      155.54
16      65      121.314
16      66      155.598
16      67      162.709
16      68      131.928
16      69      124.964
16      70      83.4804
16      71      142.445
17      0      168.293
17      1      108.339
17      2      127.934
17      3      100.768
17      4      172.893
17      5      123.846
17      6      128.096
17      7      94.9013
17      8      159.544
17      9      171.124
17      10      100.086
17      11      115.667
17      12      137.385
17      13      134.783
17      14      187.061
17      15      119.041
17      16      141.339
17      17      137.062
17      18      99.5378
17      19      173.8
17      20      139.596
17      21      113.612
17      22      67.1428
17      23      148.3
17      24      95.7869
17      25      146.147
17      26      140.638
17      27      105.223
17      28      124.175
17      29      126.983
17      30      112.313
17      31      102.691
17      32      120.642
17      33      119.055
17      34      106.469
17      35      140.216
17      36      173.801
17      37      160.081
17      38      137.96
17      39      155.823
17      40      179.035
17      41      148.897
17      42      165.956
17      43      174.882
17      44      150.313
17      45      184.96
17      46      167.554
17      47      164.498
17      48      189.201
17      49      163.161
17      50      164.22
17      51      156.071
17      52      151.819
17      53      155.88
17      54      136.515
17      55      187.887
17      56      131.935
17      57      135.071
17      58      156.322
17      59      174.507
17      60      159.252
17      61      130.819
17      62      176.236
17      63      172.418
17      64      159.384
17      65      121.009
17      66      102.083
17      67      133.833
17      68      152.948
17      69      107.198
17      70      162.925
17      71      123.696
